0 -52.7881
38234.5 -54.9125
76041.3 -57.0131
113425 -59.09
150391 -61.1439
186944 -63.1748
223088 -65.1829
258827 -67.1686
294167 -69.1321
329112 -71.0737
363665 -72.9935
397833 -74.8918
431618 -76.769
465025 -78.625
498059 -80.4604
530724 -82.2753
563023 -84.0698
594961 -85.8443
626541 -87.5989
657769 -89.3339
688647 -91.0495
719180 -92.746
749371 -94.4234
779225 -96.0821
808745 -97.7222
837935 -99.344
866798 -100.947
895339 -102.533
923560 -104.101
951466 -105.652
979059 -107.185
1.00634e+06 -108.701
1.03332e+06 -110.2
1.06e+06 -111.682
1.08638e+06 -113.148
1.11247e+06 -114.597
1.13826e+06 -116.03
1.16376e+06 -117.447
1.18898e+06 -118.848
1.21392e+06 -120.234
1.23858e+06 -121.603
1.26296e+06 -122.959
1.28707e+06 -124.298
1.31091e+06 -125.623
1.33449e+06 -126.933
1.3578e+06 -128.228
1.38085e+06 -129.509
1.40364e+06 -130.775
1.42617e+06 -132.026
1.44846e+06 -133.265
1.4705e+06 -134.489
1.49228e+06 -135.7
1.51383e+06 -136.897
1.53513e+06 -138.08
1.5562e+06 -139.251
1.57703e+06 -140.408
1.59763e+06 -141.553
1.618e+06 -142.684
1.63814e+06 -143.804
1.65805e+06 -144.909
1.67774e+06 -146.004
1.69721e+06 -147.086
1.71647e+06 -148.156
1.7355e+06 -149.213
1.75433e+06 -150.259
1.77294e+06 -151.293
1.79135e+06 -152.316
1.80955e+06 -153.328
1.82755e+06 -154.327
1.84534e+06 -155.316
1.86294e+06 -156.293
1.88034e+06 -157.261
1.89755e+06 -158.217
1.91456e+06 -159.161
1.93138e+06 -160.096
1.94802e+06 -161.02
1.96447e+06 -161.934
1.98073e+06 -162.838
1.99681e+06 -163.732
2.01272e+06 -164.615
2.02844e+06 -165.489
2.04399e+06 -166.352
2.05937e+06 -167.207
2.07457e+06 -168.052
2.0896e+06 -168.887
2.10447e+06 -169.713
2.11917e+06 -170.53
2.1337e+06 -171.337
2.14807e+06 -172.136
2.16229e+06 -172.926
2.17634e+06 -173.706
2.19023e+06 -174.478
2.20397e+06 -175.241
2.21756e+06 -175.996
2.23099e+06 -176.742
2.24428e+06 -177.481
2.25741e+06 -178.21
2.2704e+06 -178.932
2.28324e+06 -179.646
2.29594e+06 -180.351
2.3085e+06 -181.049
2.32092e+06 -181.738
2.3332e+06 -182.421
2.34534e+06 -183.096
2.35734e+06 -183.763
2.36921e+06 -184.422
2.38095e+06 -185.074
2.39256e+06 -185.719
2.40404e+06 -186.357
2.41538e+06 -186.987
2.42661e+06 -187.611
2.4377e+06 -188.227
2.44867e+06 -188.837
2.45952e+06 -189.44
2.47025e+06 -190.036
2.48086e+06 -190.625
2.49135e+06 -191.208
2.50172e+06 -191.784
2.51198e+06 -192.354
2.52212e+06 -192.917
2.53215e+06 -193.475
2.54206e+06 -194.026
2.55187e+06 -194.571
2.56156e+06 -195.109
2.57115e+06 -195.642
2.58063e+06 -196.168
2.59001e+06 -196.689
2.59927e+06 -197.204
2.60844e+06 -197.713
2.6175e+06 -198.217
2.62646e+06 -198.715
2.63533e+06 -199.207
2.64409e+06 -199.694
2.65275e+06 -200.175
2.66132e+06 -200.651
2.66979e+06 -201.123
2.67817e+06 -201.587
2.68645e+06 -202.048
2.69464e+06 -202.503
2.70274e+06 -202.953
2.71075e+06 -203.398
2.71867e+06 -203.837
2.7265e+06 -204.273
2.73424e+06 -204.703
2.74189e+06 -205.129
2.74946e+06 -205.549
2.75695e+06 -205.964
2.76435e+06 -206.376
2.77167e+06 -206.783
2.77891e+06 -207.185
2.78606e+06 -207.582
2.79314e+06 -207.976
2.80014e+06 -208.364
2.80706e+06 -208.749
2.8139e+06 -209.129
2.82066e+06 -209.505
2.82735e+06 -209.876
2.83397e+06 -210.244
2.84051e+06 -210.607
2.84697e+06 -210.966
2.85337e+06 -211.322
2.85969e+06 -211.674
2.86595e+06 -212.021
2.87213e+06 -212.365
2.87824e+06 -212.704
2.88429e+06 -213.04
2.89027e+06 -213.372
2.89618e+06 -213.701
2.90202e+06 -214.025
2.9078e+06 -214.346
2.91352e+06 -214.663
2.91917e+06 -214.977
2.92476e+06 -215.288
2.93028e+06 -215.595
2.93574e+06 -215.899
2.94115e+06 -216.199
2.94649e+06 -216.496
2.95177e+06 -216.789
2.95699e+06 -217.079
2.96216e+06 -217.367
2.96726e+06 -217.65
2.97231e+06 -217.93
2.97731e+06 -218.208
2.98225e+06 -218.482
2.98713e+06 -218.754
2.99196e+06 -219.022
2.99673e+06 -219.287
3.00145e+06 -219.549
3.00612e+06 -219.808
3.01073e+06 -220.065
3.0153e+06 -220.318
3.01981e+06 -220.569
3.02427e+06 -220.817
3.02868e+06 -221.063
3.03305e+06 -221.305
3.03736e+06 -221.545
3.04163e+06 -221.782
3.04584e+06 -222.016
3.05002e+06 -222.247
3.05414e+06 -222.476
3.05822e+06 -222.703
3.06225e+06 -222.927
3.06624e+06 -223.149
3.07018e+06 -223.369
3.07408e+06 -223.585
3.07794e+06 -223.799
3.08175e+06 -224.011
3.08552e+06 -224.221
3.08924e+06 -224.427
3.09293e+06 -224.632
3.09657e+06 -224.834
3.10018e+06 -225.035
3.10374e+06 -225.233
3.10726e+06 -225.428
3.11075e+06 -225.622
3.11419e+06 -225.813
3.1176e+06 -226.002
3.12097e+06 -226.19
3.1243e+06 -226.375
3.12759e+06 -226.558
3.13085e+06 -226.739
3.13407e+06 -226.918
3.13726e+06 -227.095
3.1404e+06 -227.27
3.14352e+06 -227.443
3.1466e+06 -227.614
3.14964e+06 -227.783
3.15265e+06 -227.95
3.15563e+06 -228.115
3.15857e+06 -228.279
3.16148e+06 -228.44
3.16436e+06 -228.601
3.1672e+06 -228.759
3.17002e+06 -228.915
3.1728e+06 -229.07
3.17555e+06 -229.223
3.17827e+06 -229.373
3.18096e+06 -229.523
3.18362e+06 -229.671
3.18625e+06 -229.817
3.18885e+06 -229.961
3.19142e+06 -230.104
3.19397e+06 -230.246
3.19648e+06 -230.386
3.19897e+06 -230.524
3.20143e+06 -230.66
3.20386e+06 -230.795
3.20626e+06 -230.929
3.20864e+06 -231.061
3.21099e+06 -231.191
3.21331e+06 -231.32
3.21561e+06 -231.448
3.21788e+06 -231.575
3.22013e+06 -231.699
3.22235e+06 -231.823
3.22455e+06 -231.945
3.22672e+06 -232.066
3.22887e+06 -232.185
3.23099e+06 -232.303
3.23309e+06 -232.419
3.23517e+06 -232.535
3.23723e+06 -232.649
3.23926e+06 -232.761
3.24126e+06 -232.874
3.24325e+06 -232.984
3.24521e+06 -233.093
3.24715e+06 -233.201
3.24907e+06 -233.307
3.25097e+06 -233.413
3.25285e+06 -233.517
3.2547e+06 -233.62
3.25654e+06 -233.722
3.25835e+06 -233.823
3.26015e+06 -233.922
3.26192e+06 -234.022
3.26368e+06 -234.119
3.26541e+06 -234.215
3.26713e+06 -234.31
3.26882e+06 -234.405
3.2705e+06 -234.498
3.27216e+06 -234.59
3.2738e+06 -234.681
3.27542e+06 -234.772
3.27703e+06 -234.861
3.27861e+06 -234.948
3.28018e+06 -235.036
3.28173e+06 -235.121
3.28326e+06 -235.207
3.28478e+06 -235.291
3.28628e+06 -235.374
3.28776e+06 -235.457
3.28922e+06 -235.538
3.29067e+06 -235.619
3.29211e+06 -235.699
3.29352e+06 -235.777
3.29492e+06 -235.855
3.29631e+06 -235.932
3.29768e+06 -236.008
3.29903e+06 -236.083
3.30037e+06 -236.157
3.3017e+06 -236.231
3.30301e+06 -236.304
3.3043e+06 -236.376
3.30558e+06 -236.448
3.30685e+06 -236.518
3.3081e+06 -236.587
3.30934e+06 -236.656
3.31056e+06 -236.724
3.31177e+06 -236.791
3.31297e+06 -236.858
3.31416e+06 -236.924
3.31533e+06 -236.988
3.31648e+06 -237.053
3.31763e+06 -237.116
3.31876e+06 -237.179
3.31988e+06 -237.241
3.32098e+06 -237.303
3.32208e+06 -237.363
3.32316e+06 -237.423
3.32423e+06 -237.483
3.32529e+06 -237.542
3.32633e+06 -237.6
3.32737e+06 -237.657
3.32839e+06 -237.714
3.3294e+06 -237.77
3.3304e+06 -237.825
3.33139e+06 -237.881
3.33237e+06 -237.935
3.33333e+06 -237.989
3.33429e+06 -238.042
3.33525e+06 -238.096
3.33622e+06 -238.149
3.33718e+06 -238.203
3.33814e+06 -238.256
3.3391e+06 -238.309
3.34006e+06 -238.363
3.34102e+06 -238.416
3.34198e+06 -238.47
3.34294e+06 -238.523
3.3439e+06 -238.576
3.34486e+06 -238.629
3.34582e+06 -238.683
3.34678e+06 -238.736
3.34774e+06 -238.789
3.3487e+06 -238.843
3.34966e+06 -238.896
3.35062e+06 -238.95
3.35159e+06 -239.003
3.35255e+06 -239.057
3.35351e+06 -239.11
3.35447e+06 -239.163
3.35543e+06 -239.216
3.35639e+06 -239.269
3.35735e+06 -239.324
3.35831e+06 -239.377
3.35927e+06 -239.43
3.36023e+06 -239.483
3.36119e+06 -239.537
3.36215e+06 -239.59
3.36311e+06 -239.643
3.36407e+06 -239.697
3.36503e+06 -239.75
3.36599e+06 -239.804
3.36695e+06 -239.857
3.36792e+06 -239.911
3.36888e+06 -239.964
3.36984e+06 -240.017
3.3708e+06 -240.07
3.37176e+06 -240.123
3.37272e+06 -240.177
3.37368e+06 -240.23
3.37464e+06 -240.284
3.3756e+06 -240.337
3.37656e+06 -240.391
3.37752e+06 -240.444
3.37848e+06 -240.498
3.37944e+06 -240.551
3.3804e+06 -240.604
3.38136e+06 -240.657
3.38232e+06 -240.711
3.38329e+06 -240.765
3.38425e+06 -240.818
3.38521e+06 -240.871
3.38617e+06 -240.924
3.38713e+06 -240.977
3.38809e+06 -241.031
3.38905e+06 -241.084
3.39001e+06 -241.138
3.39097e+06 -241.191
3.39193e+06 -241.245
3.39289e+06 -241.298
3.39385e+06 -241.352
3.39481e+06 -241.405
3.39577e+06 -241.458
3.39673e+06 -241.511
3.39769e+06 -241.565
3.39866e+06 -241.618
3.39962e+06 -241.672
3.40058e+06 -241.725
3.40154e+06 -241.778
3.4025e+06 -241.832
3.40346e+06 -241.885
3.40442e+06 -241.938
3.40538e+06 -241.992
3.40634e+06 -242.045
3.4073e+06 -242.099
3.40826e+06 -242.152
3.40922e+06 -242.206
3.41018e+06 -242.259
3.41114e+06 -242.312
3.4121e+06 -242.365
3.41306e+06 -242.419
3.41402e+06 -242.472
3.41499e+06 -242.526
3.41595e+06 -242.579
3.41691e+06 -242.632
3.41787e+06 -242.686
3.41883e+06 -242.739
3.41979e+06 -242.792
3.42075e+06 -242.846
3.42171e+06 -242.899
3.42267e+06 -242.952
3.42363e+06 -243.006
3.42459e+06 -243.059
3.42555e+06 -243.113
3.42651e+06 -243.167
3.42747e+06 -243.219
3.42843e+06 -243.272
3.42939e+06 -243.326
3.43036e+06 -243.38
3.43132e+06 -243.433
3.43228e+06 -243.486
3.43324e+06 -243.54
3.4342e+06 -243.593
3.43516e+06 -243.646
3.43612e+06 -243.7
3.43708e+06 -243.753
3.43804e+06 -243.807
3.439e+06 -243.86
3.43996e+06 -243.913
3.44092e+06 -243.966
3.44188e+06 -244.02
3.44284e+06 -244.073
3.4438e+06 -244.126
3.44476e+06 -244.18
3.44573e+06 -244.233
3.44669e+06 -244.287
3.44765e+06 -244.34
3.44861e+06 -244.393
3.44957e+06 -244.446
3.45053e+06 -244.501
3.45149e+06 -244.554
3.45245e+06 -244.607
3.45341e+06 -244.66
3.45437e+06 -244.714
3.45533e+06 -244.767
3.45629e+06 -244.82
3.45725e+06 -244.874
3.45821e+06 -244.927
3.45917e+06 -244.981
3.46013e+06 -245.034
3.4611e+06 -245.087
3.46206e+06 -245.141
3.46302e+06 -245.194
3.46398e+06 -245.248
3.46494e+06 -245.3
3.4659e+06 -245.354
3.46686e+06 -245.407
3.46782e+06 -245.461
3.46878e+06 -245.514
3.46974e+06 -245.568
3.4707e+06 -245.621
3.47166e+06 -245.675
3.47262e+06 -245.728
3.47358e+06 -245.781
3.47454e+06 -245.835
3.4755e+06 -245.888
3.47646e+06 -245.941
3.47743e+06 -245.995
3.47839e+06 -246.048
3.47935e+06 -246.102
3.48031e+06 -246.155
3.48127e+06 -246.208
3.48223e+06 -246.261
3.48319e+06 -246.315
3.48415e+06 -246.368
3.48511e+06 -246.422
3.48607e+06 -246.475
3.48703e+06 -246.529
3.48799e+06 -246.582
3.48895e+06 -246.635
3.48991e+06 -246.689
3.49087e+06 -246.741
3.49183e+06 -246.795
3.4928e+06 -246.848
3.49376e+06 -246.902
3.49472e+06 -246.955
3.49568e+06 -247.009
3.49664e+06 -247.062
3.4976e+06 -247.115
3.49856e+06 -247.169
3.49952e+06 -247.222
3.50048e+06 -247.276
3.50144e+06 -247.329
3.5024e+06 -247.383
3.50336e+06 -247.436
3.50432e+06 -247.49
3.50528e+06 -247.543
3.50624e+06 -247.595
3.5072e+06 -247.649
3.50817e+06 -247.702
3.50913e+06 -247.756
3.51009e+06 -247.809
3.51105e+06 -247.863
3.51201e+06 -247.916
3.51297e+06 -247.969
3.51393e+06 -248.023
3.51489e+06 -248.076
3.51585e+06 -248.13
3.51681e+06 -248.183
3.51777e+06 -248.237
3.51873e+06 -248.29
3.51969e+06 -248.344
3.52065e+06 -248.397
3.52161e+06 -248.449
3.52257e+06 -248.503
3.52354e+06 -248.556
3.5245e+06 -248.61
3.52546e+06 -248.663
3.52642e+06 -248.717
3.52738e+06 -248.77
3.52834e+06 -248.824
3.5293e+06 -248.877
3.53026e+06 -248.93
3.53122e+06 -248.984
3.53218e+06 -249.037
3.53314e+06 -249.09
3.5341e+06 -249.143
3.53506e+06 -249.197
3.53602e+06 -249.25
3.53698e+06 -249.304
3.53794e+06 -249.357
3.5389e+06 -249.41
3.53987e+06 -249.464
3.54083e+06 -249.517
3.54179e+06 -249.571
3.54275e+06 -249.624
3.54371e+06 -249.678
3.54467e+06 -249.731
3.54563e+06 -249.784
3.54659e+06 -249.838
3.54755e+06 -249.891
3.54851e+06 -249.944
3.54947e+06 -249.997
3.55043e+06 -250.051
3.55139e+06 -250.104
3.55235e+06 -250.158
3.55331e+06 -250.211
3.55427e+06 -250.264
3.55524e+06 -250.318
3.5562e+06 -250.371
3.55716e+06 -250.425
3.55812e+06 -250.478
3.55908e+06 -250.532
3.56004e+06 -250.584
3.561e+06 -250.638
3.56196e+06 -250.692
3.56292e+06 -250.745
3.56388e+06 -250.798
3.56484e+06 -250.851
3.5658e+06 -250.905
3.56676e+06 -250.958
3.56772e+06 -251.012
3.56868e+06 -251.065
3.56964e+06 -251.118
3.57061e+06 -251.172
3.57157e+06 -251.225
3.57253e+06 -251.279
3.57349e+06 -251.332
3.57445e+06 -251.385
3.57541e+06 -251.438
3.57637e+06 -251.492
3.57733e+06 -251.545
3.57829e+06 -251.599
3.57925e+06 -251.652
3.58021e+06 -251.705
3.58117e+06 -251.759
3.58213e+06 -251.812
3.58309e+06 -251.866
3.58405e+06 -251.919
3.58501e+06 -251.973
3.58598e+06 -252.026
3.58694e+06 -252.079
3.5879e+06 -252.133
3.58886e+06 -252.186
3.58982e+06 -252.239
3.59078e+06 -252.292
3.59174e+06 -252.346
3.5927e+06 -252.399
3.59366e+06 -252.453
3.59462e+06 -252.506
3.59558e+06 -252.559
3.59654e+06 -252.613
3.5975e+06 -252.666
3.59846e+06 -252.72
3.59942e+06 -252.773
3.60038e+06 -252.827
3.60134e+06 -252.879
3.60231e+06 -252.933
3.60327e+06 -252.986
3.60423e+06 -253.04
3.60519e+06 -253.093
3.60615e+06 -253.147
3.60711e+06 -253.2
3.60807e+06 -253.253
3.60903e+06 -253.307
3.60999e+06 -253.36
3.61095e+06 -253.414
3.61191e+06 -253.467
3.61287e+06 -253.52
3.61383e+06 -253.574
3.61479e+06 -253.627
3.61575e+06 -253.681
3.61671e+06 -253.733
3.61768e+06 -253.787
3.61864e+06 -253.84
3.6196e+06 -253.894
3.62056e+06 -253.947
3.62152e+06 -254.001
3.62248e+06 -254.054
3.62344e+06 -254.107
3.6244e+06 -254.161
3.62536e+06 -254.214
3.62632e+06 -254.268
3.62728e+06 -254.32
3.62824e+06 -254.374
3.6292e+06 -254.427
3.63016e+06 -254.481
3.63112e+06 -254.534
3.63208e+06 -254.587
3.63305e+06 -254.641
3.63401e+06 -254.694
3.63497e+06 -254.748
3.63593e+06 -254.801
3.63689e+06 -254.855
3.63785e+06 -254.908
3.63881e+06 -254.961
3.63977e+06 -255.015
3.64073e+06 -255.068
3.64169e+06 -255.122
3.64265e+06 -255.174
3.64361e+06 -255.228
3.64457e+06 -255.281
3.64553e+06 -255.335
3.64649e+06 -255.388
3.64745e+06 -255.441
3.64841e+06 -255.495
3.64938e+06 -255.548
3.65034e+06 -255.602
3.6513e+06 -255.655
3.65226e+06 -255.709
3.65322e+06 -255.761
3.65418e+06 -255.815
3.65514e+06 -255.869
3.6561e+06 -255.922
3.65706e+06 -255.976
3.65802e+06 -256.028
3.65898e+06 -256.082
3.65994e+06 -256.135
3.6609e+06 -256.189
3.66186e+06 -256.242
3.66282e+06 -256.295
3.66378e+06 -256.349
3.66475e+06 -256.402
3.66571e+06 -256.456
3.66667e+06 -256.509
3.66763e+06 -256.563
3.66859e+06 -256.615
3.66955e+06 -256.669
3.67051e+06 -256.722
3.67147e+06 -256.775
3.67243e+06 -256.829
3.67339e+06 -256.883
3.67435e+06 -256.936
3.67531e+06 -256.989
3.67627e+06 -257.043
3.67723e+06 -257.096
3.67819e+06 -257.15
3.67915e+06 -257.203
3.68012e+06 -257.256
3.68108e+06 -257.31
3.68204e+06 -257.363
3.683e+06 -257.417
3.68396e+06 -257.47
3.68492e+06 -257.523
3.68588e+06 -257.576
3.68684e+06 -257.629
3.6878e+06 -257.683
3.68876e+06 -257.736
3.68972e+06 -257.79
3.69068e+06 -257.843
3.69164e+06 -257.897
3.6926e+06 -257.95
3.69356e+06 -258.004
3.69452e+06 -258.056
3.69549e+06 -258.11
3.69645e+06 -258.163
3.69741e+06 -258.217
3.69837e+06 -258.271
3.69933e+06 -258.324
3.70029e+06 -258.377
3.70125e+06 -258.43
3.70221e+06 -258.484
3.70317e+06 -258.537
3.70413e+06 -258.59
3.70509e+06 -258.644
3.70605e+06 -258.697
3.70701e+06 -258.751
3.70797e+06 -258.804
3.70893e+06 -258.858
3.70989e+06 -258.911
3.71085e+06 -258.964
3.71182e+06 -259.017
3.71278e+06 -259.071
3.71374e+06 -259.124
3.7147e+06 -259.178
3.71566e+06 -259.231
3.71662e+06 -259.284
3.71758e+06 -259.338
3.71854e+06 -259.391
3.7195e+06 -259.444
3.72046e+06 -259.498
3.72142e+06 -259.551
3.72238e+06 -259.605
3.72334e+06 -259.658
3.7243e+06 -259.712
3.72526e+06 -259.765
3.72622e+06 -259.818
3.72719e+06 -259.871
3.72815e+06 -259.925
3.72911e+06 -259.978
3.73007e+06 -260.032
3.73103e+06 -260.085
3.73199e+06 -260.138
3.73295e+06 -260.192
3.73391e+06 -260.245
3.73487e+06 -260.299
3.73583e+06 -260.352
3.73679e+06 -260.405
3.73775e+06 -260.458
3.73871e+06 -260.512
3.73967e+06 -260.565
3.74063e+06 -260.618
3.74159e+06 -260.672
3.74256e+06 -260.725
3.74352e+06 -260.779
3.74448e+06 -260.832
3.74544e+06 -260.886
3.7464e+06 -260.939
3.74736e+06 -260.992
3.74832e+06 -261.046
3.74928e+06 -261.099
3.75024e+06 -261.153
3.7512e+06 -261.206
3.75216e+06 -261.259
3.75312e+06 -261.312
3.75408e+06 -261.366
3.75504e+06 -261.419
3.756e+06 -261.473
3.75696e+06 -261.526
3.75793e+06 -261.579
3.75889e+06 -261.633
3.75985e+06 -261.686
3.76081e+06 -261.74
3.76177e+06 -261.793
3.76273e+06 -261.846
3.76369e+06 -261.899
3.76465e+06 -261.952
3.76561e+06 -262.006
3.76657e+06 -262.06
3.76753e+06 -262.113
3.76849e+06 -262.166
3.76945e+06 -262.22
3.77041e+06 -262.273
3.77137e+06 -262.327
3.77233e+06 -262.38
3.77329e+06 -262.433
3.77426e+06 -262.487
3.77522e+06 -262.54
3.77618e+06 -262.593
3.77714e+06 -262.647
3.7781e+06 -262.7
3.77906e+06 -262.753
3.78002e+06 -262.807
3.78098e+06 -262.86
3.78194e+06 -262.913
3.7829e+06 -262.967
3.78386e+06 -263.02
3.78482e+06 -263.074
3.78578e+06 -263.127
3.78674e+06 -263.181
3.7877e+06 -263.234
3.78866e+06 -263.287
3.78963e+06 -263.34
3.79059e+06 -263.394
3.79155e+06 -263.447
3.79251e+06 -263.501
3.79347e+06 -263.554
3.79443e+06 -263.608
3.79539e+06 -263.661
3.79635e+06 -263.714
3.79731e+06 -263.767
3.79827e+06 -263.821
3.79923e+06 -263.874
3.80019e+06 -263.928
3.80115e+06 -263.981
3.80211e+06 -264.035
3.80307e+06 -264.088
3.80403e+06 -264.142
3.805e+06 -264.194
3.80596e+06 -264.247
3.80692e+06 -264.301
3.80788e+06 -264.354
3.80884e+06 -264.408
3.8098e+06 -264.461
3.81076e+06 -264.515
3.81172e+06 -264.568
3.81268e+06 -264.621
3.81364e+06 -264.675
3.8146e+06 -264.728
3.81556e+06 -264.782
3.81652e+06 -264.835
3.81748e+06 -264.889
3.81844e+06 -264.942
3.8194e+06 -264.996
3.82037e+06 -265.049
3.82133e+06 -265.101
3.82229e+06 -265.155
3.82325e+06 -265.208
3.82421e+06 -265.262
3.82517e+06 -265.315
3.82613e+06 -265.369
3.82709e+06 -265.422
3.82805e+06 -265.476
3.82901e+06 -265.529
3.82997e+06 -265.582
3.83093e+06 -265.636
3.83189e+06 -265.689
3.83285e+06 -265.742
3.83381e+06 -265.795
3.83477e+06 -265.85
3.83573e+06 -265.903
3.8367e+06 -265.956
3.83766e+06 -266.009
3.83862e+06 -266.062
3.83958e+06 -266.116
3.84054e+06 -266.169
3.8415e+06 -266.223
3.84246e+06 -266.276
3.84342e+06 -266.33
3.84438e+06 -266.383
3.84534e+06 -266.436
3.8463e+06 -266.49
3.84726e+06 -266.543
3.84822e+06 -266.596
3.84918e+06 -266.65
3.85014e+06 -266.703
3.8511e+06 -266.756
3.85207e+06 -266.81
3.85303e+06 -266.863
3.85399e+06 -266.916
3.85495e+06 -266.97
3.85591e+06 -267.023
3.85687e+06 -267.077
3.85783e+06 -267.13
3.85879e+06 -267.184
3.85975e+06 -267.237
3.86071e+06 -267.291
3.86167e+06 -267.344
3.86263e+06 -267.397
3.86359e+06 -267.45
3.86455e+06 -267.503
3.86551e+06 -267.557
3.86647e+06 -267.61
3.86744e+06 -267.664
3.8684e+06 -267.717
3.86936e+06 -267.77
3.87032e+06 -267.824
3.87128e+06 -267.877
3.87224e+06 -267.931
3.8732e+06 -267.984
3.87416e+06 -268.037
3.87512e+06 -268.09
3.87608e+06 -268.144
3.87704e+06 -268.197
3.878e+06 -268.251
3.87896e+06 -268.304
3.87992e+06 -268.357
3.88088e+06 -268.411
3.88184e+06 -268.464
3.8828e+06 -268.518
3.88377e+06 -268.571
3.88473e+06 -268.625
3.88569e+06 -268.678
3.88665e+06 -268.731
3.88761e+06 -268.785
3.88857e+06 -268.838
3.88953e+06 -268.891
3.89049e+06 -268.944
3.89145e+06 -268.998
3.89241e+06 -269.051
3.89337e+06 -269.105
3.89433e+06 -269.158
3.89529e+06 -269.211
3.89625e+06 -269.265
3.89721e+06 -269.318
3.89817e+06 -269.372
3.89914e+06 -269.425
3.9001e+06 -269.478
3.90106e+06 -269.531
3.90202e+06 -269.585
3.90298e+06 -265.044
3.90394e+06 -256.119
3.9049e+06 -248.319
3.90586e+06 -241.659
3.90682e+06 -235.133
3.90778e+06 -229.043
3.90874e+06 -223.378
3.9097e+06 -218.118
3.91066e+06 -213.213
3.91162e+06 -208.641
3.91258e+06 -204.348
3.91354e+06 -200.319
3.91451e+06 -196.509
3.91547e+06 -192.909
3.91643e+06 -189.484
3.91739e+06 -186.233
3.91835e+06 -183.128
3.91931e+06 -180.167
3.92027e+06 -177.332
3.92123e+06 -174.616
3.92219e+06 -172.013
3.92315e+06 -169.514
3.92411e+06 -167.103
3.92507e+06 -164.775
3.92603e+06 -162.522
3.92699e+06 -160.346
3.92795e+06 -158.238
3.92891e+06 -156.202
3.92988e+06 -154.228
3.93084e+06 -152.321
3.9318e+06 -150.473
3.93276e+06 -148.688
3.93372e+06 -146.959
3.93468e+06 -145.289
3.93564e+06 -143.672
3.9366e+06 -142.109
3.93756e+06 -140.596
3.93852e+06 -139.132
3.93948e+06 -137.716
3.94044e+06 -136.342
3.9414e+06 -135.014
3.94236e+06 -133.728
3.94332e+06 -132.48
3.94428e+06 -131.267
3.94524e+06 -130.087
3.94621e+06 -128.939
3.94717e+06 -127.824
3.94813e+06 -126.737
3.94909e+06 -125.68
3.95005e+06 -124.649
3.95101e+06 -123.646
3.95197e+06 -122.667
3.95293e+06 -121.712
3.95389e+06 -120.78
3.95485e+06 -119.871
3.95581e+06 -118.982
3.95677e+06 -118.114
3.95773e+06 -117.266
3.95869e+06 -116.436
3.95965e+06 -115.626
3.96061e+06 -114.832
3.96158e+06 -114.057
3.96254e+06 -113.298
3.9635e+06 -112.557
3.96446e+06 -111.829
3.96542e+06 -111.116
3.96638e+06 -110.416
3.96734e+06 -109.73
3.9683e+06 -109.057
3.96926e+06 -108.397
3.97022e+06 -107.749
3.97118e+06 -107.114
3.97214e+06 -106.489
3.9731e+06 -105.877
3.97406e+06 -105.275
3.97502e+06 -104.684
3.97598e+06 -104.103
3.97695e+06 -103.532
3.97791e+06 -102.971
3.97887e+06 -102.42
3.97983e+06 -101.877
3.98079e+06 -101.344
3.98175e+06 -100.82
3.98271e+06 -100.304
3.98367e+06 -99.7981
3.98463e+06 -99.2994
3.98559e+06 -98.8085
3.98655e+06 -98.3244
3.98751e+06 -97.8479
3.98847e+06 -97.3783
3.98943e+06 -96.9161
3.99039e+06 -96.4605
3.99135e+06 -96.0119
3.99232e+06 -95.5697
3.99328e+06 -95.1342
3.99424e+06 -94.7047
3.9952e+06 -94.2815
3.99616e+06 -93.8641
3.99712e+06 -93.4526
3.99808e+06 -93.0467
3.99904e+06 -92.6464
4e+06 -92.2515
4.00096e+06 -91.8617
4.00192e+06 -91.4772
4.00288e+06 -91.098
4.00385e+06 -90.7243
4.00481e+06 -90.3553
4.00577e+06 -89.9911
4.00673e+06 -89.6309
4.00769e+06 -89.2754
4.00865e+06 -88.924
4.00962e+06 -88.5772
4.01058e+06 -88.2345
4.01154e+06 -87.8963
4.0125e+06 -87.562
4.01346e+06 -87.2319
4.01442e+06 -86.9057
4.01538e+06 -86.5835
4.01635e+06 -86.265
4.01731e+06 -85.9503
4.01827e+06 -85.6391
4.01923e+06 -85.3317
4.02019e+06 -85.0275
4.02115e+06 -84.7272
4.02212e+06 -84.4302
4.02308e+06 -84.1366
4.02404e+06 -83.8466
4.025e+06 -83.5597
4.02596e+06 -83.276
4.02692e+06 -82.995
4.02788e+06 -82.7169
4.02885e+06 -82.4416
4.02981e+06 -82.1693
4.03077e+06 -81.8996
4.03173e+06 -81.633
4.03269e+06 -81.369
4.03365e+06 -81.1079
4.03462e+06 -80.8494
4.03558e+06 -80.5937
4.03654e+06 -80.3405
4.0375e+06 -80.09
4.03846e+06 -79.8418
4.03942e+06 -79.5963
4.04038e+06 -79.353
4.04135e+06 -79.1125
4.04231e+06 -78.8743
4.04327e+06 -78.6383
4.04423e+06 -78.405
4.04519e+06 -78.174
4.04615e+06 -77.9452
4.04712e+06 -77.7182
4.04808e+06 -77.4934
4.04904e+06 -77.2704
4.05e+06 -77.0496
4.05096e+06 -76.8306
4.05192e+06 -76.6138
4.05288e+06 -76.3988
4.05385e+06 -76.1859
4.05481e+06 -75.9748
4.05577e+06 -75.7657
4.05673e+06 -75.5584
4.05769e+06 -75.3531
4.05865e+06 -75.1494
4.05962e+06 -74.9478
4.06058e+06 -74.7475
4.06154e+06 -74.5496
4.0625e+06 -74.3532
4.06346e+06 -74.1584
4.06442e+06 -73.9656
4.06538e+06 -73.7745
4.06635e+06 -73.5851
4.06731e+06 -73.397
4.06827e+06 -73.2105
4.06923e+06 -73.0253
4.07019e+06 -72.8417
4.07115e+06 -72.6595
4.07212e+06 -72.4788
4.07308e+06 -72.2995
4.07404e+06 -72.1217
4.075e+06 -71.9453
4.07596e+06 -71.7704
4.07692e+06 -71.5968
4.07788e+06 -71.4247
4.07885e+06 -71.2538
4.07981e+06 -71.0844
4.08077e+06 -70.9161
4.08173e+06 -70.7496
4.08269e+06 -70.5842
4.08365e+06 -70.4199
4.08462e+06 -70.2573
4.08558e+06 -70.0958
4.08654e+06 -69.9358
4.0875e+06 -69.7766
4.08846e+06 -69.6189
4.08942e+06 -69.4619
4.09038e+06 -69.3064
4.09135e+06 -69.1516
4.09231e+06 -68.9983
4.09327e+06 -68.8457
4.09423e+06 -68.6947
4.09519e+06 -68.5443
4.09615e+06 -68.3955
4.09712e+06 -68.2472
4.09808e+06 -68.1006
4.09904e+06 -67.9544
4.1e+06 -67.81
4.10096e+06 -67.6657
4.10192e+06 -67.5235
4.10288e+06 -67.3816
4.10385e+06 -67.2409
4.10481e+06 -67.1013
4.10577e+06 -66.9627
4.10673e+06 -66.8251
4.10769e+06 -66.6885
4.10865e+06 -66.5526
4.10962e+06 -66.4177
4.11058e+06 -66.2835
4.11154e+06 -66.1504
4.1125e+06 -66.0179
4.11346e+06 -65.8865
4.11442e+06 -65.7558
4.11538e+06 -65.6261
4.11635e+06 -65.4971
4.11731e+06 -65.3692
4.11827e+06 -65.2419
4.11923e+06 -65.1157
4.12019e+06 -64.9899
4.12115e+06 -64.8655
4.12212e+06 -64.7417
4.12308e+06 -64.6185
4.12404e+06 -64.4963
4.125e+06 -64.375
4.12596e+06 -64.2545
4.12692e+06 -64.1347
4.12788e+06 -64.0156
4.12885e+06 -63.8972
4.12981e+06 -63.7795
4.13077e+06 -63.6624
4.13173e+06 -63.5462
4.13269e+06 -63.4305
4.13365e+06 -63.3157
4.13462e+06 -63.2014
4.13558e+06 -63.088
4.13654e+06 -62.9751
4.1375e+06 -62.8632
4.13846e+06 -62.7516
4.13942e+06 -62.641
4.14038e+06 -62.5306
4.14135e+06 -62.4216
4.14231e+06 -62.3129
4.14327e+06 -62.2046
4.14423e+06 -62.0972
4.14519e+06 -61.9905
4.14615e+06 -61.8845
4.14712e+06 -61.779
4.14808e+06 -61.6741
4.14904e+06 -61.5698
4.15e+06 -61.466
4.15096e+06 -61.3628
4.15192e+06 -61.2602
4.15288e+06 -61.158
4.15385e+06 -61.0566
4.15481e+06 -60.9556
4.15577e+06 -60.8553
4.15673e+06 -60.7554
4.15769e+06 -60.6563
4.15865e+06 -60.5574
4.15962e+06 -60.4595
4.16058e+06 -60.3616
4.16154e+06 -60.2649
4.1625e+06 -60.1685
4.16346e+06 -60.0724
4.16442e+06 -59.977
4.16538e+06 -59.8822
4.16635e+06 -59.788
4.16731e+06 -59.6943
4.16827e+06 -59.601
4.16923e+06 -59.5082
4.17019e+06 -59.4159
4.17115e+06 -59.3239
4.17212e+06 -59.2325
4.17308e+06 -59.1415
4.17404e+06 -59.0511
4.175e+06 -58.961
4.17596e+06 -58.8715
4.17692e+06 -58.7824
4.17788e+06 -58.6939
4.17885e+06 -58.6056
4.17981e+06 -58.5181
4.18077e+06 -58.4306
4.18173e+06 -58.3442
4.18269e+06 -58.258
4.18365e+06 -58.172
4.18462e+06 -58.0866
4.18558e+06 -58.0017
4.18654e+06 -57.9173
4.1875e+06 -57.8333
4.18846e+06 -57.7497
4.18942e+06 -57.6665
4.19038e+06 -57.5837
4.19135e+06 -57.5012
4.19231e+06 -57.4192
4.19327e+06 -57.3375
4.19423e+06 -57.2563
4.19519e+06 -57.1753
4.19615e+06 -57.0949
4.19712e+06 -57.0147
4.19808e+06 -56.9352
4.19904e+06 -56.8557
4.2e+06 -56.777
4.20096e+06 -56.6982
4.20192e+06 -56.6204
4.20288e+06 -56.5427
4.20385e+06 -56.4652
4.20481e+06 -56.3882
4.20577e+06 -56.3117
4.20673e+06 -56.2356
4.20769e+06 -56.1598
4.20865e+06 -56.0844
4.20962e+06 -56.0092
4.21058e+06 -55.9345
4.21154e+06 -55.86
4.2125e+06 -55.7859
4.21346e+06 -55.712
4.21442e+06 -55.6386
4.21538e+06 -55.5654
4.21635e+06 -55.4926
4.21731e+06 -55.42
4.21827e+06 -55.348
4.21923e+06 -55.2761
4.22019e+06 -55.2047
4.22115e+06 -55.1334
4.22212e+06 -55.0629
4.22308e+06 -54.9925
4.22404e+06 -54.9222
4.225e+06 -54.8524
4.22596e+06 -54.7829
4.22692e+06 -54.7138
4.22788e+06 -54.645
4.22885e+06 -54.5766
4.22981e+06 -54.5083
4.23077e+06 -54.4404
4.23173e+06 -54.3727
4.23269e+06 -54.3054
4.23365e+06 -54.2382
4.23462e+06 -54.1714
4.23558e+06 -54.1048
4.23654e+06 -54.0387
4.2375e+06 -53.9725
4.23846e+06 -53.9071
4.23942e+06 -53.8414
4.24038e+06 -53.7766
4.24135e+06 -53.7114
4.24231e+06 -53.6473
4.24327e+06 -53.5831
4.24423e+06 -53.519
4.24519e+06 -53.4554
4.24615e+06 -53.392
4.24712e+06 -53.329
4.24808e+06 -53.2662
4.24904e+06 -53.2037
4.25e+06 -53.1414
4.25099e+06 -53.0773
4.25206e+06 -53.0089
4.2532e+06 -52.9362
4.25441e+06 -52.8587
4.25571e+06 -52.7764
4.2571e+06 -52.6887
4.25859e+06 -52.5957
4.26018e+06 -52.4968
4.26188e+06 -52.3918
4.2637e+06 -52.2804
4.26565e+06 -52.1622
4.26773e+06 -52.0369
4.26995e+06 -51.904
4.27233e+06 -51.7635
4.27488e+06 -51.6147
4.2776e+06 -51.4574
4.28051e+06 -51.291
4.28362e+06 -51.1151
4.28694e+06 -50.9295
4.2905e+06 -50.7337
4.2943e+06 -50.5274
4.29837e+06 -50.3102
4.30272e+06 -50.0817
4.30738e+06 -49.8416
4.31235e+06 -49.5894
4.31767e+06 -49.3251
4.32336e+06 -49.048
4.32944e+06 -48.7583
4.33595e+06 -48.4551
4.34291e+06 -48.1391
4.35035e+06 -47.8091
4.3583e+06 -47.4662
4.36681e+06 -47.1089
4.37591e+06 -46.7386
4.38564e+06 -46.3545
4.39604e+06 -45.9564
4.40716e+06 -45.5449
4.41906e+06 -45.1199
4.43179e+06 -44.682
4.44539e+06 -44.2311
4.45994e+06 -43.7682
4.4755e+06 -43.2931
4.49214e+06 -42.8075
4.50993e+06 -42.3105
4.52895e+06 -41.8049
4.5493e+06 -41.2888
4.57106e+06 -40.7667
4.59432e+06 -40.2348
4.6192e+06 -39.7001
4.64581e+06 -39.1561
4.67426e+06 -38.6127
4.70469e+06 -38.0607
4.73723e+06 -37.5133
4.77202e+06 -36.9571
4.80923e+06 -36.4113
