0 3153.65
38234.5 3153.28
76041.3 3152.18
113425 3150.37
150391 3147.89
186944 3144.74
223088 3140.95
258827 3136.53
294167 3131.51
329112 3125.89
363665 3119.69
397833 3112.93
431618 3105.6
465025 3097.73
498059 3089.32
530724 3080.38
563023 3070.91
594961 3060.92
626541 3050.42
657769 3039.41
688647 3027.89
719180 3015.87
749371 3003.35
779225 2990.33
808745 2976.81
837935 2962.8
866798 2948.29
895339 2933.29
923560 2917.79
951466 2901.81
979059 2885.36
1.00634e+06 2868.44
1.03332e+06 2851.07
1.06e+06 2833.28
1.08638e+06 2815.09
1.11247e+06 2796.55
1.13826e+06 2777.71
1.16376e+06 2758.63
1.18898e+06 2739.36
1.21392e+06 2719.98
1.23858e+06 2700.55
1.26296e+06 2681.16
1.28707e+06 2661.83
1.31091e+06 2642.66
1.33449e+06 2623.66
1.3578e+06 2604.92
1.38085e+06 2586.4
1.40364e+06 2568.19
1.42617e+06 2550.22
1.44846e+06 2532.58
1.4705e+06 2515.17
1.49228e+06 2498.09
1.51383e+06 2481.21
1.53513e+06 2464.74
1.5562e+06 2448.65
1.57703e+06 2432.82
1.59763e+06 2417.29
1.618e+06 2402.01
1.63814e+06 2387.02
1.65805e+06 2372.25
1.67774e+06 2357.78
1.69721e+06 2343.5
1.71647e+06 2329.51
1.7355e+06 2315.72
1.75433e+06 2302.18
1.77294e+06 2288.84
1.79135e+06 2275.72
1.80955e+06 2262.8
1.82755e+06 2250.09
1.84534e+06 2237.57
1.86294e+06 2225.24
1.88034e+06 2213.09
1.89755e+06 2201.13
1.91456e+06 2189.33
1.93138e+06 2177.71
1.94802e+06 2166.24
1.96447e+06 2154.95
1.98073e+06 2143.8
1.99681e+06 2132.82
2.01272e+06 2121.96
2.02844e+06 2111.28
2.04399e+06 2100.72
2.05937e+06 2090.3
2.07457e+06 2079.99
2.0896e+06 2069.85
2.10447e+06 2059.81
2.11917e+06 2049.91
2.1337e+06 2040.13
2.14807e+06 2030.48
2.16229e+06 2020.95
2.17634e+06 2011.52
2.19023e+06 2002.22
2.20397e+06 1993
2.21756e+06 1983.93
2.23099e+06 1974.94
2.24428e+06 1966.07
2.25741e+06 1957.3
2.2704e+06 1948.64
2.28324e+06 1940.06
2.29594e+06 1931.59
2.3085e+06 1923.21
2.32092e+06 1914.94
2.3332e+06 1906.74
2.34534e+06 1898.64
2.35734e+06 1890.63
2.36921e+06 1882.72
2.38095e+06 1874.89
2.39256e+06 1867.13
2.40404e+06 1859.47
2.41538e+06 1851.88
2.42661e+06 1844.39
2.4377e+06 1836.98
2.44867e+06 1829.63
2.45952e+06 1822.37
2.47025e+06 1815.18
2.48086e+06 1808.08
2.49135e+06 1801.04
2.50172e+06 1794.08
2.51198e+06 1787.2
2.52212e+06 1780.38
2.53215e+06 1773.64
2.54206e+06 1766.96
2.55187e+06 1760.36
2.56156e+06 1753.82
2.57115e+06 1747.35
2.58063e+06 1740.94
2.59001e+06 1734.62
2.59927e+06 1728.32
2.60844e+06 1722.12
2.6175e+06 1715.96
2.62646e+06 1709.88
2.63533e+06 1703.85
2.64409e+06 1697.89
2.65275e+06 1691.98
2.66132e+06 1686.13
2.66979e+06 1680.35
2.67817e+06 1674.62
2.68645e+06 1668.94
2.69464e+06 1663.32
2.70274e+06 1657.77
2.71075e+06 1652.25
2.71867e+06 1646.81
2.7265e+06 1641.4
2.73424e+06 1636.06
2.74189e+06 1630.76
2.74946e+06 1625.51
2.75695e+06 1620.3
2.76435e+06 1615.2
2.77167e+06 1610.08
2.77891e+06 1605.05
2.78606e+06 1600.05
2.79314e+06 1595.11
2.80014e+06 1590.21
2.80706e+06 1585.36
2.8139e+06 1580.55
2.82066e+06 1575.79
2.82735e+06 1571.08
2.83397e+06 1566.42
2.84051e+06 1561.8
2.84697e+06 1557.23
2.85337e+06 1552.71
2.85969e+06 1548.21
2.86595e+06 1543.78
2.87213e+06 1539.38
2.87824e+06 1535.04
2.88429e+06 1530.72
2.89027e+06 1526.46
2.89618e+06 1522.21
2.90202e+06 1518.09
2.9078e+06 1513.92
2.91352e+06 1509.85
2.91917e+06 1505.78
2.92476e+06 1501.79
2.93028e+06 1497.81
2.93574e+06 1493.9
2.94115e+06 1490.01
2.94649e+06 1486.17
2.95177e+06 1482.37
2.95699e+06 1478.61
2.96216e+06 1474.9
2.96726e+06 1471.22
2.97231e+06 1467.59
2.97731e+06 1463.99
2.98225e+06 1460.45
2.98713e+06 1456.92
2.99196e+06 1453.47
2.99673e+06 1450.01
3.00145e+06 1446.64
3.00612e+06 1443.25
3.01073e+06 1440.01
3.0153e+06 1436.7
3.01981e+06 1433.49
3.02427e+06 1430.27
3.02868e+06 1427.14
3.03305e+06 1424.01
3.03736e+06 1420.96
3.04163e+06 1417.9
3.04584e+06 1414.93
3.05002e+06 1411.95
3.05414e+06 1409.04
3.05822e+06 1406.14
3.06225e+06 1403.31
3.06624e+06 1400.48
3.07018e+06 1397.73
3.07408e+06 1394.97
3.07794e+06 1392.29
3.08175e+06 1389.61
3.08552e+06 1386.99
3.08924e+06 1384.37
3.09293e+06 1381.85
3.09657e+06 1379.3
3.10018e+06 1376.83
3.10374e+06 1374.35
3.10726e+06 1371.94
3.11075e+06 1369.54
3.11419e+06 1367.19
3.1176e+06 1364.86
3.12097e+06 1362.57
3.1243e+06 1360.3
3.12759e+06 1358.06
3.13085e+06 1355.83
3.13407e+06 1353.62
3.13726e+06 1351.43
3.1404e+06 1349.27
3.14352e+06 1347.11
3.1466e+06 1344.99
3.14964e+06 1342.87
3.15265e+06 1340.78
3.15563e+06 1338.71
3.15857e+06 1336.66
3.16148e+06 1334.61
3.16436e+06 1332.6
3.1672e+06 1330.6
3.17002e+06 1328.61
3.1728e+06 1326.65
3.17555e+06 1324.7
3.17827e+06 1322.77
3.18096e+06 1320.86
3.18362e+06 1318.97
3.18625e+06 1317.08
3.18885e+06 1315.23
3.19142e+06 1313.38
3.19397e+06 1311.56
3.19648e+06 1309.74
3.19897e+06 1307.95
3.20143e+06 1306.17
3.20386e+06 1304.41
3.20626e+06 1302.66
3.20864e+06 1300.94
3.21099e+06 1299.22
3.21331e+06 1297.53
3.21561e+06 1295.84
3.21788e+06 1294.17
3.22013e+06 1292.52
3.22235e+06 1290.88
3.22455e+06 1289.26
3.22672e+06 1287.65
3.22887e+06 1286.06
3.23099e+06 1284.49
3.23309e+06 1282.92
3.23517e+06 1281.37
3.23723e+06 1279.84
3.23926e+06 1278.32
3.24126e+06 1276.82
3.24325e+06 1275.32
3.24521e+06 1273.85
3.24715e+06 1272.38
3.24907e+06 1270.94
3.25097e+06 1269.5
3.25285e+06 1268.08
3.2547e+06 1266.67
3.25654e+06 1265.28
3.25835e+06 1263.89
3.26015e+06 1262.52
3.26192e+06 1261.16
3.26368e+06 1259.82
3.26541e+06 1258.49
3.26713e+06 1257.17
3.26882e+06 1255.86
3.2705e+06 1254.57
3.27216e+06 1253.29
3.2738e+06 1252.02
3.27542e+06 1250.76
3.27703e+06 1249.52
3.27861e+06 1248.29
3.28018e+06 1247.06
3.28173e+06 1245.86
3.28326e+06 1244.65
3.28478e+06 1243.47
3.28628e+06 1242.29
3.28776e+06 1241.13
3.28922e+06 1239.98
3.29067e+06 1238.84
3.29211e+06 1237.71
3.29352e+06 1236.59
3.29492e+06 1235.48
3.29631e+06 1234.38
3.29768e+06 1233.3
3.29903e+06 1232.22
3.30037e+06 1231.15
3.3017e+06 1230.1
3.30301e+06 1229.05
3.3043e+06 1228.02
3.30558e+06 1226.99
3.30685e+06 1225.98
3.3081e+06 1224.97
3.30934e+06 1223.98
3.31056e+06 1222.99
3.31177e+06 1222.02
3.31297e+06 1221.05
3.31416e+06 1220.09
3.31533e+06 1219.15
3.31648e+06 1218.21
3.31763e+06 1217.29
3.31876e+06 1216.36
3.31988e+06 1215.45
3.32098e+06 1214.55
3.32208e+06 1213.66
3.32316e+06 1212.78
3.32423e+06 1211.9
3.32529e+06 1211.04
3.32633e+06 1210.18
3.32737e+06 1209.33
3.32839e+06 1208.49
3.3294e+06 1207.66
3.3304e+06 1206.84
3.33139e+06 1206.02
3.33237e+06 1205.21
3.33333e+06 1204.42
3.33429e+06 1203.62
3.33525e+06 1202.83
3.33622e+06 1202.03
3.33718e+06 1201.23
3.33814e+06 1200.43
3.3391e+06 1199.64
3.34006e+06 1198.84
3.34102e+06 1198.04
3.34198e+06 1197.23
3.34294e+06 1196.43
3.3439e+06 1195.63
3.34486e+06 1194.82
3.34582e+06 1194.02
3.34678e+06 1193.21
3.34774e+06 1192.4
3.3487e+06 1191.59
3.34966e+06 1190.78
3.35062e+06 1189.97
3.35159e+06 1189.16
3.35255e+06 1188.35
3.35351e+06 1187.54
3.35447e+06 1186.72
3.35543e+06 1185.91
3.35639e+06 1185.09
3.35735e+06 1184.27
3.35831e+06 1183.45
3.35927e+06 1182.64
3.36023e+06 1181.82
3.36119e+06 1180.99
3.36215e+06 1180.17
3.36311e+06 1179.35
3.36407e+06 1178.52
3.36503e+06 1177.7
3.36599e+06 1176.87
3.36695e+06 1176.05
3.36792e+06 1175.22
3.36888e+06 1174.39
3.36984e+06 1173.56
3.3708e+06 1172.73
3.37176e+06 1171.89
3.37272e+06 1171.06
3.37368e+06 1170.23
3.37464e+06 1169.39
3.3756e+06 1168.55
3.37656e+06 1167.72
3.37752e+06 1166.88
3.37848e+06 1166.04
3.37944e+06 1165.2
3.3804e+06 1164.36
3.38136e+06 1163.51
3.38232e+06 1162.67
3.38329e+06 1161.82
3.38425e+06 1160.98
3.38521e+06 1160.13
3.38617e+06 1159.28
3.38713e+06 1158.43
3.38809e+06 1157.58
3.38905e+06 1156.73
3.39001e+06 1155.88
3.39097e+06 1155.02
3.39193e+06 1154.17
3.39289e+06 1153.31
3.39385e+06 1152.45
3.39481e+06 1151.59
3.39577e+06 1150.74
3.39673e+06 1149.87
3.39769e+06 1149.01
3.39866e+06 1148.15
3.39962e+06 1147.28
3.40058e+06 1146.42
3.40154e+06 1145.55
3.4025e+06 1144.68
3.40346e+06 1143.81
3.40442e+06 1142.94
3.40538e+06 1142.07
3.40634e+06 1141.2
3.4073e+06 1140.33
3.40826e+06 1139.45
3.40922e+06 1138.58
3.41018e+06 1137.7
3.41114e+06 1136.82
3.4121e+06 1135.94
3.41306e+06 1135.06
3.41402e+06 1134.18
3.41499e+06 1133.29
3.41595e+06 1132.41
3.41691e+06 1131.52
3.41787e+06 1130.64
3.41883e+06 1129.74
3.41979e+06 1128.86
3.42075e+06 1127.96
3.42171e+06 1127.07
3.42267e+06 1126.18
3.42363e+06 1125.29
3.42459e+06 1124.39
3.42555e+06 1123.49
3.42651e+06 1122.59
3.42747e+06 1121.69
3.42843e+06 1120.79
3.42939e+06 1119.89
3.43036e+06 1118.99
3.43132e+06 1118.08
3.43228e+06 1117.18
3.43324e+06 1116.27
3.4342e+06 1115.36
3.43516e+06 1114.44
3.43612e+06 1113.54
3.43708e+06 1112.62
3.43804e+06 1111.71
3.439e+06 1110.79
3.43996e+06 1109.87
3.44092e+06 1108.95
3.44188e+06 1108.03
3.44284e+06 1107.11
3.4438e+06 1106.19
3.44476e+06 1105.27
3.44573e+06 1104.34
3.44669e+06 1103.41
3.44765e+06 1102.48
3.44861e+06 1101.56
3.44957e+06 1100.62
3.45053e+06 1099.69
3.45149e+06 1098.76
3.45245e+06 1097.82
3.45341e+06 1096.88
3.45437e+06 1095.95
3.45533e+06 1095
3.45629e+06 1094.07
3.45725e+06 1093.12
3.45821e+06 1092.18
3.45917e+06 1091.23
3.46013e+06 1090.28
3.4611e+06 1089.33
3.46206e+06 1088.38
3.46302e+06 1087.43
3.46398e+06 1086.48
3.46494e+06 1085.53
3.4659e+06 1084.57
3.46686e+06 1083.61
3.46782e+06 1082.65
3.46878e+06 1081.69
3.46974e+06 1080.73
3.4707e+06 1079.77
3.47166e+06 1078.8
3.47262e+06 1077.84
3.47358e+06 1076.86
3.47454e+06 1075.9
3.4755e+06 1074.92
3.47646e+06 1073.95
3.47743e+06 1072.97
3.47839e+06 1072
3.47935e+06 1071.01
3.48031e+06 1070.04
3.48127e+06 1069.06
3.48223e+06 1068.07
3.48319e+06 1067.09
3.48415e+06 1066.1
3.48511e+06 1065.12
3.48607e+06 1064.13
3.48703e+06 1063.14
3.48799e+06 1062.14
3.48895e+06 1061.15
3.48991e+06 1060.15
3.49087e+06 1059.16
3.49183e+06 1058.15
3.4928e+06 1057.15
3.49376e+06 1056.15
3.49472e+06 1055.15
3.49568e+06 1054.13
3.49664e+06 1053.13
3.4976e+06 1052.11
3.49856e+06 1051.11
3.49952e+06 1050.09
3.50048e+06 1049.08
3.50144e+06 1048.06
3.5024e+06 1047.04
3.50336e+06 1046.02
3.50432e+06 1045
3.50528e+06 1043.97
3.50624e+06 1042.95
3.5072e+06 1041.92
3.50817e+06 1040.89
3.50913e+06 1039.86
3.51009e+06 1038.83
3.51105e+06 1037.79
3.51201e+06 1036.75
3.51297e+06 1035.72
3.51393e+06 1034.67
3.51489e+06 1033.64
3.51585e+06 1032.58
3.51681e+06 1031.54
3.51777e+06 1030.49
3.51873e+06 1029.45
3.51969e+06 1028.38
3.52065e+06 1027.33
3.52161e+06 1026.28
3.52257e+06 1025.22
3.52354e+06 1024.16
3.5245e+06 1023.1
3.52546e+06 1022.04
3.52642e+06 1020.97
3.52738e+06 1019.9
3.52834e+06 1018.83
3.5293e+06 1017.76
3.53026e+06 1016.69
3.53122e+06 1015.61
3.53218e+06 1014.53
3.53314e+06 1013.46
3.5341e+06 1012.37
3.53506e+06 1011.29
3.53602e+06 1010.2
3.53698e+06 1009.12
3.53794e+06 1008.02
3.5389e+06 1006.93
3.53987e+06 1005.82
3.54083e+06 1004.73
3.54179e+06 1003.63
3.54275e+06 1002.54
3.54371e+06 1001.43
3.54467e+06 1000.33
3.54563e+06 999.221
3.54659e+06 998.111
3.54755e+06 997.001
3.54851e+06 995.885
3.54947e+06 994.771
3.55043e+06 993.65
3.55139e+06 992.533
3.55235e+06 991.406
3.55331e+06 990.286
3.55427e+06 989.153
3.55524e+06 988.029
3.5562e+06 986.889
3.55716e+06 985.763
3.55812e+06 984.616
3.55908e+06 983.487
3.56004e+06 982.331
3.561e+06 981.196
3.56196e+06 980.046
3.56292e+06 978.902
3.56388e+06 977.749
3.56484e+06 976.6
3.5658e+06 975.442
3.56676e+06 974.287
3.56772e+06 973.124
3.56868e+06 971.965
3.56964e+06 970.797
3.57061e+06 969.633
3.57157e+06 968.459
3.57253e+06 967.291
3.57349e+06 966.11
3.57445e+06 964.939
3.57541e+06 963.751
3.57637e+06 962.577
3.57733e+06 961.381
3.57829e+06 960.203
3.57925e+06 958.999
3.58021e+06 957.813
3.58117e+06 956.615
3.58213e+06 955.42
3.58309e+06 954.219
3.58405e+06 953.016
3.58501e+06 951.811
3.58598e+06 950.602
3.58694e+06 949.393
3.5879e+06 948.177
3.58886e+06 946.963
3.58982e+06 945.741
3.59078e+06 944.523
3.59174e+06 943.293
3.5927e+06 942.071
3.59366e+06 940.834
3.59462e+06 939.608
3.59558e+06 938.363
3.59654e+06 937.133
3.5975e+06 935.88
3.59846e+06 934.646
3.59942e+06 933.384
3.60038e+06 932.14
3.60134e+06 930.885
3.60231e+06 929.631
3.60327e+06 928.372
3.60423e+06 927.111
3.60519e+06 925.847
3.60615e+06 924.579
3.60711e+06 923.31
3.60807e+06 922.035
3.60903e+06 920.761
3.60999e+06 919.478
3.61095e+06 918.199
3.61191e+06 916.908
3.61287e+06 915.624
3.61383e+06 914.326
3.61479e+06 913.037
3.61575e+06 911.73
3.61671e+06 910.437
3.61768e+06 909.12
3.61864e+06 907.823
3.6196e+06 906.496
3.62056e+06 905.189
3.62152e+06 903.869
3.62248e+06 902.55
3.62344e+06 901.226
3.6244e+06 899.899
3.62536e+06 898.569
3.62632e+06 897.234
3.62728e+06 895.899
3.62824e+06 894.556
3.6292e+06 893.214
3.63016e+06 891.863
3.63112e+06 890.516
3.63208e+06 889.157
3.63305e+06 887.804
3.63401e+06 886.435
3.63497e+06 885.077
3.63593e+06 883.699
3.63689e+06 882.336
3.63785e+06 880.947
3.63881e+06 879.578
3.63977e+06 878.18
3.64073e+06 876.799
3.64169e+06 875.407
3.64265e+06 874.014
3.64361e+06 872.616
3.64457e+06 871.215
3.64553e+06 869.811
3.64649e+06 868.401
3.64745e+06 866.99
3.64841e+06 865.571
3.64938e+06 864.153
3.65034e+06 862.725
3.6513e+06 861.3
3.65226e+06 859.863
3.65322e+06 858.432
3.65418e+06 856.984
3.65514e+06 855.547
3.6561e+06 854.088
3.65706e+06 852.645
3.65802e+06 851.175
3.65898e+06 849.725
3.65994e+06 848.244
3.6609e+06 846.781
3.66186e+06 845.305
3.66282e+06 843.829
3.66378e+06 842.348
3.66475e+06 840.862
3.66571e+06 839.372
3.66667e+06 837.876
3.66763e+06 836.379
3.66859e+06 834.873
3.66955e+06 833.368
3.67051e+06 831.852
3.67147e+06 830.339
3.67243e+06 828.812
3.67339e+06 827.291
3.67435e+06 825.753
3.67531e+06 824.225
3.67627e+06 822.675
3.67723e+06 821.139
3.67819e+06 819.577
3.67915e+06 818.033
3.68012e+06 816.458
3.68108e+06 814.899
3.68204e+06 813.328
3.683e+06 811.756
3.68396e+06 810.177
3.68492e+06 808.594
3.68588e+06 807.006
3.68684e+06 805.412
3.6878e+06 803.815
3.68876e+06 802.209
3.68972e+06 800.603
3.69068e+06 798.985
3.69164e+06 797.369
3.6926e+06 795.739
3.69356e+06 794.114
3.69452e+06 792.472
3.69549e+06 790.838
3.69645e+06 789.182
3.69741e+06 787.539
3.69837e+06 785.869
3.69933e+06 784.215
3.70029e+06 782.532
3.70125e+06 780.862
3.70221e+06 779.18
3.70317e+06 777.496
3.70413e+06 775.804
3.70509e+06 774.107
3.70605e+06 772.405
3.70701e+06 770.695
3.70797e+06 768.982
3.70893e+06 767.258
3.70989e+06 765.534
3.71085e+06 763.797
3.71182e+06 762.062
3.71278e+06 760.311
3.71374e+06 758.564
3.7147e+06 756.799
3.71566e+06 755.04
3.71662e+06 753.26
3.71758e+06 751.49
3.71854e+06 749.695
3.7195e+06 747.912
3.72046e+06 746.101
3.72142e+06 744.299
3.72238e+06 742.487
3.72334e+06 740.669
3.7243e+06 738.845
3.72526e+06 737.013
3.72622e+06 735.175
3.72719e+06 733.328
3.72815e+06 731.477
3.72911e+06 729.615
3.73007e+06 727.75
3.73103e+06 725.872
3.73199e+06 723.993
3.73295e+06 722.099
3.73391e+06 720.206
3.73487e+06 718.295
3.73583e+06 716.388
3.73679e+06 714.46
3.73775e+06 712.538
3.73871e+06 710.592
3.73967e+06 708.655
3.74063e+06 706.691
3.74159e+06 704.733
3.74256e+06 702.761
3.74352e+06 700.786
3.74448e+06 698.799
3.74544e+06 696.807
3.7464e+06 694.803
3.74736e+06 692.795
3.74832e+06 690.773
3.74928e+06 688.747
3.75024e+06 686.707
3.7512e+06 684.664
3.75216e+06 682.605
3.75312e+06 680.544
3.75408e+06 678.466
3.75504e+06 676.386
3.756e+06 674.289
3.75696e+06 672.19
3.75793e+06 670.073
3.75889e+06 667.954
3.75985e+06 665.817
3.76081e+06 663.675
3.76177e+06 661.522
3.76273e+06 659.36
3.76369e+06 657.188
3.76465e+06 655.005
3.76561e+06 652.812
3.76657e+06 650.608
3.76753e+06 648.395
3.76849e+06 646.169
3.76945e+06 643.934
3.77041e+06 641.686
3.77137e+06 639.428
3.77233e+06 637.158
3.77329e+06 634.876
3.77426e+06 632.584
3.77522e+06 630.278
3.77618e+06 627.962
3.77714e+06 625.63
3.7781e+06 623.292
3.77906e+06 620.934
3.78002e+06 618.572
3.78098e+06 616.19
3.78194e+06 613.797
3.7829e+06 611.391
3.78386e+06 608.972
3.78482e+06 606.541
3.78578e+06 604.095
3.78674e+06 601.638
3.7877e+06 599.165
3.78866e+06 596.681
3.78963e+06 594.179
3.79059e+06 591.668
3.79155e+06 589.135
3.79251e+06 586.597
3.79347e+06 584.032
3.79443e+06 581.466
3.79539e+06 578.867
3.79635e+06 576.274
3.79731e+06 573.641
3.79827e+06 571.02
3.79923e+06 568.352
3.80019e+06 565.703
3.80115e+06 563.012
3.80211e+06 560.307
3.80307e+06 557.585
3.80403e+06 554.843
3.805e+06 552.089
3.80596e+06 549.31
3.80692e+06 546.522
3.80788e+06 543.706
3.80884e+06 540.883
3.8098e+06 538.027
3.81076e+06 535.17
3.81172e+06 532.271
3.81268e+06 529.379
3.81364e+06 526.435
3.8146e+06 523.508
3.81556e+06 520.515
3.81652e+06 517.554
3.81748e+06 514.512
3.81844e+06 511.516
3.8194e+06 508.428
3.82037e+06 505.395
3.82133e+06 502.291
3.82229e+06 499.162
3.82325e+06 496.01
3.82421e+06 492.827
3.82517e+06 489.63
3.82613e+06 486.392
3.82709e+06 483.149
3.82805e+06 479.856
3.82901e+06 476.567
3.82997e+06 473.215
3.83093e+06 469.878
3.83189e+06 466.463
3.83285e+06 463.078
3.83381e+06 459.595
3.83477e+06 456.163
3.83573e+06 452.607
3.8367e+06 449.128
3.83766e+06 445.498
3.83862e+06 441.968
3.83958e+06 438.275
3.84054e+06 434.691
3.8415e+06 430.996
3.84246e+06 427.253
3.84342e+06 423.477
3.84438e+06 419.645
3.84534e+06 415.799
3.8463e+06 411.881
3.84726e+06 407.963
3.84822e+06 403.955
3.84918e+06 399.965
3.85014e+06 395.862
3.8511e+06 391.799
3.85207e+06 387.592
3.85303e+06 383.456
3.85399e+06 379.136
3.85495e+06 374.925
3.85591e+06 370.485
3.85687e+06 366.196
3.85783e+06 361.636
3.85879e+06 357.258
3.85975e+06 352.6
3.86071e+06 348.128
3.86167e+06 343.496
3.86263e+06 338.756
3.86359e+06 333.965
3.86455e+06 329.059
3.86551e+06 324.139
3.86647e+06 319.074
3.86744e+06 314.022
3.8684e+06 308.786
3.86936e+06 303.595
3.87032e+06 298.173
3.87128e+06 292.84
3.87224e+06 287.213
3.8732e+06 281.733
3.87416e+06 275.882
3.87512e+06 270.244
3.87608e+06 264.152
3.87704e+06 258.338
3.878e+06 252
3.87896e+06 245.974
3.87992e+06 239.418
3.88088e+06 233.189
3.88184e+06 226.654
3.8828e+06 219.923
3.88377e+06 213
3.88473e+06 205.878
3.88569e+06 198.601
3.88665e+06 191.095
3.88761e+06 183.439
3.88857e+06 175.498
3.88953e+06 167.416
3.89049e+06 158.969
3.89145e+06 150.4
3.89241e+06 141.362
3.89337e+06 132.23
3.89433e+06 122.496
3.89529e+06 112.7
3.89625e+06 102.147
3.89721e+06 91.5375
3.89817e+06 80.0237
3.89914e+06 68.3645
3.9001e+06 55.7489
3.90106e+06 42.7001
3.90202e+06 30.5829
3.90298e+06 23.2197
3.90394e+06 23.0326
3.9049e+06 22.617
3.90586e+06 21.8367
3.90682e+06 21.2776
3.90778e+06 20.7344
3.90874e+06 20.2165
3.9097e+06 19.7415
3.91066e+06 19.2973
3.91162e+06 18.884
3.91258e+06 18.4952
3.91354e+06 18.131
3.91451e+06 17.7856
3.91547e+06 17.4606
3.91643e+06 17.1496
3.91739e+06 16.8567
3.91835e+06 16.5738
3.91931e+06 16.3084
3.92027e+06 16.0485
3.92123e+06 15.807
3.92219e+06 15.5697
3.92315e+06 15.3427
3.92411e+06 15.1245
3.92507e+06 14.9139
3.92603e+06 14.71
3.92699e+06 14.513
3.92795e+06 14.3222
3.92891e+06 14.1379
3.92988e+06 13.9592
3.93084e+06 13.7867
3.9318e+06 13.6193
3.93276e+06 13.458
3.93372e+06 13.3011
3.93468e+06 13.1504
3.93564e+06 13.0035
3.9366e+06 12.8628
3.93756e+06 12.7249
3.93852e+06 12.5938
3.93948e+06 12.4637
3.94044e+06 12.3417
3.9414e+06 12.2208
3.94236e+06 12.1037
3.94332e+06 11.9909
3.94428e+06 11.881
3.94524e+06 11.7743
3.94621e+06 11.6704
3.94717e+06 11.5694
3.94813e+06 11.471
3.94909e+06 11.3754
3.95005e+06 11.2821
3.95101e+06 11.1914
3.95197e+06 11.1026
3.95293e+06 11.0164
3.95389e+06 10.9318
3.95485e+06 10.8497
3.95581e+06 10.769
3.95677e+06 10.6908
3.95773e+06 10.6135
3.95869e+06 10.5392
3.95965e+06 10.4649
3.96061e+06 10.3941
3.96158e+06 10.3237
3.96254e+06 10.2547
3.9635e+06 10.1876
3.96446e+06 10.1217
3.96542e+06 10.0572
3.96638e+06 9.99385
3.96734e+06 9.93178
3.9683e+06 9.87081
3.96926e+06 9.81111
3.97022e+06 9.75243
3.97118e+06 9.69497
3.97214e+06 9.63842
3.9731e+06 9.58306
3.97406e+06 9.52848
3.97502e+06 9.47511
3.97598e+06 9.42237
3.97695e+06 9.37092
3.97791e+06 9.31986
3.97887e+06 9.27032
3.97983e+06 9.22077
3.98079e+06 9.17298
3.98175e+06 9.12556
3.98271e+06 9.07866
3.98367e+06 9.03282
3.98463e+06 8.98767
3.98559e+06 8.94323
3.98655e+06 8.89943
3.98751e+06 8.85631
3.98847e+06 8.81379
3.98943e+06 8.77196
3.99039e+06 8.73071
3.99135e+06 8.69014
3.99232e+06 8.65008
3.99328e+06 8.6107
3.99424e+06 8.57178
3.9952e+06 8.53354
3.99616e+06 8.49567
3.99712e+06 8.45854
3.99808e+06 8.42165
3.99904e+06 8.38565
4e+06 8.34965
4.00096e+06 8.31459
4.00192e+06 8.2799
4.00288e+06 8.24539
4.00385e+06 8.21156
4.00481e+06 8.17814
4.00577e+06 8.14516
4.00673e+06 8.11257
4.00769e+06 8.0804
4.00865e+06 8.04859
4.00962e+06 8.01721
4.01058e+06 7.98618
4.01154e+06 7.95557
4.0125e+06 7.9253
4.01346e+06 7.89545
4.01442e+06 7.8659
4.01538e+06 7.83677
4.01635e+06 7.8079
4.01731e+06 7.77947
4.01827e+06 7.75122
4.01923e+06 7.72353
4.02019e+06 7.69587
4.02115e+06 7.66876
4.02212e+06 7.64202
4.02308e+06 7.61531
4.02404e+06 7.58905
4.025e+06 7.56306
4.02596e+06 7.53737
4.02692e+06 7.51195
4.02788e+06 7.48678
4.02885e+06 7.46186
4.02981e+06 7.43721
4.03077e+06 7.41281
4.03173e+06 7.38867
4.03269e+06 7.36478
4.03365e+06 7.34115
4.03462e+06 7.31775
4.03558e+06 7.29461
4.03654e+06 7.27168
4.0375e+06 7.24902
4.03846e+06 7.22653
4.03942e+06 7.20438
4.04038e+06 7.1823
4.04135e+06 7.16052
4.04231e+06 7.13911
4.04327e+06 7.11766
4.04423e+06 7.09653
4.04519e+06 7.0756
4.04615e+06 7.05487
4.04712e+06 7.03434
4.04808e+06 7.01399
4.04904e+06 6.99382
4.05e+06 6.97382
4.05096e+06 6.95401
4.05192e+06 6.93437
4.05288e+06 6.91492
4.05385e+06 6.89564
4.05481e+06 6.87655
4.05577e+06 6.85762
4.05673e+06 6.83886
4.05769e+06 6.82028
4.05865e+06 6.80183
4.05962e+06 6.78361
4.06058e+06 6.76549
4.06154e+06 6.7475
4.0625e+06 6.72988
4.06346e+06 6.71218
4.06442e+06 6.69472
4.06538e+06 6.6774
4.06635e+06 6.66023
4.06731e+06 6.64322
4.06827e+06 6.62634
4.06923e+06 6.60959
4.07019e+06 6.59296
4.07115e+06 6.57648
4.07212e+06 6.56011
4.07308e+06 6.5439
4.07404e+06 6.52779
4.075e+06 6.51184
4.07596e+06 6.49599
4.07692e+06 6.4803
4.07788e+06 6.4647
4.07885e+06 6.44925
4.07981e+06 6.43392
4.08077e+06 6.41872
4.08173e+06 6.40354
4.08269e+06 6.38872
4.08365e+06 6.37381
4.08462e+06 6.35908
4.08558e+06 6.34444
4.08654e+06 6.32993
4.0875e+06 6.31554
4.08846e+06 6.30126
4.08942e+06 6.28707
4.09038e+06 6.27297
4.09135e+06 6.25898
4.09231e+06 6.24509
4.09327e+06 6.2313
4.09423e+06 6.21761
4.09519e+06 6.20402
4.09615e+06 6.19052
4.09712e+06 6.17713
4.09808e+06 6.16383
4.09904e+06 6.15062
4.1e+06 6.13754
4.10096e+06 6.12452
4.10192e+06 6.11155
4.10288e+06 6.09887
4.10385e+06 6.08607
4.10481e+06 6.07343
4.10577e+06 6.06086
4.10673e+06 6.04839
4.10769e+06 6.03602
4.10865e+06 6.02374
4.10962e+06 6.01152
4.11058e+06 5.99939
4.11154e+06 5.98731
4.1125e+06 5.97535
4.11346e+06 5.96343
4.11442e+06 5.95163
4.11538e+06 5.93986
4.11635e+06 5.92822
4.11731e+06 5.9166
4.11827e+06 5.90512
4.11923e+06 5.89367
4.12019e+06 5.88235
4.12115e+06 5.87095
4.12212e+06 5.85987
4.12308e+06 5.84871
4.12404e+06 5.83765
4.125e+06 5.82665
4.12596e+06 5.81571
4.12692e+06 5.80488
4.12788e+06 5.7941
4.12885e+06 5.7834
4.12981e+06 5.77273
4.13077e+06 5.76216
4.13173e+06 5.75161
4.13269e+06 5.74117
4.13365e+06 5.73074
4.13462e+06 5.72044
4.13558e+06 5.71013
4.13654e+06 5.69996
4.1375e+06 5.68977
4.13846e+06 5.67973
4.13942e+06 5.66968
4.14038e+06 5.65977
4.14135e+06 5.64974
4.14231e+06 5.64003
4.14327e+06 5.63023
4.14423e+06 5.6205
4.14519e+06 5.61083
4.14615e+06 5.6012
4.14712e+06 5.59167
4.14808e+06 5.58217
4.14904e+06 5.57274
4.15e+06 5.56333
4.15096e+06 5.55401
4.15192e+06 5.5447
4.15288e+06 5.53548
4.15385e+06 5.52627
4.15481e+06 5.51716
4.15577e+06 5.50804
4.15673e+06 5.49905
4.15769e+06 5.49002
4.15865e+06 5.48113
4.15962e+06 5.47222
4.16058e+06 5.46345
4.16154e+06 5.45453
4.1625e+06 5.44593
4.16346e+06 5.43724
4.16442e+06 5.4286
4.16538e+06 5.42002
4.16635e+06 5.41145
4.16731e+06 5.40298
4.16827e+06 5.39453
4.16923e+06 5.38615
4.17019e+06 5.37777
4.17115e+06 5.36947
4.17212e+06 5.36117
4.17308e+06 5.35297
4.17404e+06 5.34475
4.175e+06 5.33663
4.17596e+06 5.32849
4.17692e+06 5.32047
4.17788e+06 5.3124
4.17885e+06 5.30447
4.17981e+06 5.2965
4.18077e+06 5.28868
4.18173e+06 5.28069
4.18269e+06 5.273
4.18365e+06 5.26522
4.18462e+06 5.2575
4.18558e+06 5.24981
4.18654e+06 5.24213
4.1875e+06 5.23454
4.18846e+06 5.22697
4.18942e+06 5.21946
4.19038e+06 5.21194
4.19135e+06 5.2045
4.19231e+06 5.19705
4.19327e+06 5.18968
4.19423e+06 5.18229
4.19519e+06 5.17501
4.19615e+06 5.16768
4.19712e+06 5.16048
4.19808e+06 5.15322
4.19904e+06 5.14609
4.2e+06 5.13891
4.20096e+06 5.13188
4.20192e+06 5.12466
4.20288e+06 5.11774
4.20385e+06 5.11074
4.20481e+06 5.10378
4.20577e+06 5.09685
4.20673e+06 5.08991
4.20769e+06 5.08307
4.20865e+06 5.07623
4.20962e+06 5.06946
4.21058e+06 5.06266
4.21154e+06 5.05595
4.2125e+06 5.04921
4.21346e+06 5.04256
4.21442e+06 5.03587
4.21538e+06 5.02929
4.21635e+06 5.02266
4.21731e+06 5.01615
4.21827e+06 5.00956
4.21923e+06 5.00312
4.22019e+06 4.9966
4.22115e+06 4.99024
4.22212e+06 4.98369
4.22308e+06 4.97742
4.22404e+06 4.97108
4.225e+06 4.96476
4.22596e+06 4.95847
4.22692e+06 4.95218
4.22788e+06 4.94596
4.22885e+06 4.93976
4.22981e+06 4.9336
4.23077e+06 4.92744
4.23173e+06 4.92133
4.23269e+06 4.91521
4.23365e+06 4.90916
4.23462e+06 4.90308
4.23558e+06 4.89709
4.23654e+06 4.89106
4.2375e+06 4.88513
4.23846e+06 4.87914
4.23942e+06 4.87327
4.24038e+06 4.86733
4.24135e+06 4.86154
4.24231e+06 4.85557
4.24327e+06 4.84987
4.24423e+06 4.84407
4.24519e+06 4.83832
4.24615e+06 4.83258
4.24712e+06 4.82685
4.24808e+06 4.82116
4.24904e+06 4.81551
4.25e+06 4.80987
4.25099e+06 4.80407
4.25206e+06 4.79788
4.2532e+06 4.7913
4.25441e+06 4.78428
4.25571e+06 4.77684
4.2571e+06 4.7689
4.25859e+06 4.76049
4.26018e+06 4.75152
4.26188e+06 4.74204
4.2637e+06 4.73193
4.26565e+06 4.72127
4.26773e+06 4.70987
4.26995e+06 4.69793
4.27233e+06 4.68517
4.27488e+06 4.67169
4.2776e+06 4.65745
4.28051e+06 4.64239
4.28362e+06 4.62648
4.28694e+06 4.60967
4.2905e+06 4.59195
4.2943e+06 4.57328
4.29837e+06 4.55362
4.30272e+06 4.53294
4.30738e+06 4.51121
4.31235e+06 4.48838
4.31767e+06 4.46446
4.32336e+06 4.43937
4.32944e+06 4.41315
4.33595e+06 4.38571
4.34291e+06 4.35711
4.35035e+06 4.32724
4.3583e+06 4.29621
4.36681e+06 4.26386
4.37591e+06 4.23037
4.38564e+06 4.19558
4.39604e+06 4.15956
4.40716e+06 4.12231
4.41906e+06 4.08384
4.43179e+06 4.04421
4.44539e+06 4.0034
4.45994e+06 3.9615
4.4755e+06 3.9185
4.49214e+06 3.87454
4.50993e+06 3.82956
4.52895e+06 3.7838
4.5493e+06 3.73709
4.57106e+06 3.68983
4.59432e+06 3.64169
4.6192e+06 3.59329
4.64581e+06 3.54405
4.67426e+06 3.49487
4.70469e+06 3.44491
4.73723e+06 3.39536
4.77202e+06 3.34502
4.80923e+06 3.29562
