0 -1
102.029 -1
204.059 -1
306.088 -1
408.117 -1
510.147 -1
612.176 -1
714.206 -1
816.235 -1
918.264 -1
1020.29 -1
1122.32 -1
1224.35 -1
1326.38 -1
1428.41 -1
1530.44 -1
1632.47 -1
1734.5 -1
1836.53 -1
1938.56 -1
2040.59 -1
2142.62 -1
2244.65 -1
2346.68 -1
2448.7 -1
2550.73 -1
2652.76 -1
2754.79 -1
2856.82 -1
2958.85 -1
3060.88 -1
3162.91 -1
3264.94 -1
3366.97 -1
3469 -1
3571.03 -1
3673.06 -1
3775.09 -1
3877.12 -1
3979.14 -1
4081.17 -1
4183.2 -1
4285.23 -1
4387.26 -1
4489.29 -1
4591.32 -1
4693.35 -1
4795.38 -1
4897.41 -1
4999.44 -1
5101.47 -1
5203.5 -1
5305.53 -1
5407.56 -1
5509.59 -1
5611.61 -1
5713.64 -1
5815.67 -1
5917.7 -1
6019.73 -1
6121.76 -1
6223.79 -1
6325.82 -1
6427.85 -1
6529.88 -1
6631.91 -1
6733.94 -1
6835.97 -1
6938 -1
7040.03 -1
7142.06 -1
7244.08 -1
7346.11 -1
7448.14 -1
7550.17 -1
7652.2 -1
7754.23 -1
7856.26 -1
7958.29 -1
8060.32 -1
8162.35 -1
8264.38 -1
8366.41 -1
8468.44 -1
8570.47 -1
8672.5 -1
8774.52 -1
8876.55 -1
8978.58 -1
9080.61 -1
9182.64 -1
9284.67 -1
9386.7 -1
9488.73 -1
9590.76 -1
9692.79 -1
9794.82 -1
9896.85 -1
9998.88 -1
10100.9 -1
10202.9 -1
10305 -1
10407 -1
10509 -1
10611.1 -1
10713.1 -1
10815.1 -1
10917.1 -1
11019.2 -1
11121.2 -1
11223.2 -1
11325.3 -1
11427.3 -1
11529.3 -1
11631.3 -1
11733.4 -1
11835.4 -1
11937.4 -1
12039.5 -1
12141.5 -1
12243.5 -1
12345.6 -1
12447.6 -1
12549.6 -1
12651.6 -1
12753.7 -1
12855.7 -1
12957.7 -1
13059.8 -1
13161.8 -1
13263.8 -1
13365.8 -1
13467.9 -1
13569.9 -1
13671.9 -1
13774 -1
13876 -1
13978 -1
14080.1 -1
14182.1 -1
14284.1 -1
14386.1 -1
14488.2 -1
14590.2 -1
14692.2 -1
14794.3 -1
14896.3 -1
14998.3 -1
15100.3 -1
15202.4 -1
15304.4 -1
15406.4 -1
15508.5 -1
15610.5 -1
15712.5 -1
15814.6 -1
15916.6 -1
16018.6 -1
16120.6 -1
16222.7 -1
16324.7 -1
16426.7 -1
16528.8 -1
16630.8 -1
16732.8 -1
16834.8 -1
16936.9 -1
17038.9 -1
17140.9 -1
17243 -1
17345 -1
17447 -1
17549 -1
17651.1 -1
17753.1 -1
17855.1 -1
17957.2 -1
18059.2 -1
18161.2 -1
18263.3 -1
18365.3 -1
18467.3 -1
18569.3 -1
18671.4 -1
18773.4 -1
18875.4 -1
18977.5 -1
19079.5 -1
19181.5 -1
19283.5 -1
19385.6 -1
19487.6 -1
19589.6 -1
19691.7 -1
19793.7 -1
19895.7 -1
19997.8 -1
20099.8 -1
20201.8 -1
20303.8 -1
20405.9 -1
20507.9 -1
20609.9 -1
20712 -1
20814 -1
20916 -1
21018 -1
21120.1 -1
21222.1 -1
21324.1 -1
21426.2 -1
21528.2 -1
21630.2 -1
21732.3 -1
21834.3 -1
21936.3 -1
22038.3 -1
22140.4 -1
22242.4 -1
22344.4 -1
22446.5 -1
22548.5 -1
22650.5 -1
22752.5 -1
22854.6 -1
22956.6 -1
23058.6 -1
23160.7 -1
23262.7 -1
23364.7 -1
23466.8 -1
23568.8 -1
23670.8 -1
23772.8 -1
23874.9 -1
23976.9 -1
24078.9 -1
24181 -1
24283 -1
24385 -1
24487 -1
24589.1 -1
24691.1 -1
24793.1 -1
24895.2 -1
24997.2 -1
25099.2 -1
25201.3 -1
25303.3 -1
25405.3 -1
25507.3 -1
25609.4 -1
25711.4 -1
25813.4 -1
25915.5 -1
26017.5 -1
26119.5 -1
26221.5 -1
26323.6 -1
26425.6 -1
26527.6 -1
26629.7 -1
26731.7 -1
26833.7 -1
26935.8 -1
27037.8 -1
27139.8 -1
27241.8 -1
27343.9 -1
27445.9 -1
27547.9 -1
27650 -1
27752 -1
27854 -1
27956 -1
28058.1 -1
28160.1 -1
28262.1 -1
28364.2 -1
28466.2 -1
28568.2 -1
28670.2 -1
28772.3 -1
28874.3 -1
28976.3 -1
29078.4 -1
29180.4 -1
29282.4 -1
29384.5 -1
29486.5 -1
29588.5 -1
29690.5 -1
29792.6 -1
29894.6 -1
29996.6 -1
30098.7 -1
30200.7 -1
30302.7 -1
30404.7 -1
30506.8 -1
30608.8 -1
30710.8 -1
30812.9 -1
30914.9 -1
31016.9 -1
31119 -1
31221 -1
31323 -1
31425 -1
31527.1 -1
31629.1 -1
31731.1 -1
31833.2 -1
31935.2 -1
32037.2 -1
32139.2 -1
32241.3 -1
32343.3 -1
32445.3 -1
32547.4 -1
32649.4 -1
32751.4 -1
32853.5 -1
32955.5 -1
33057.5 -1
33159.5 -1
33261.6 -1
33363.6 -1
33465.6 -1
33567.7 -1
33669.7 -1
33771.7 -1
33873.7 -1
33975.8 -1
34077.8 -1
34179.8 -1
34281.9 -1
34383.9 -1
34485.9 -1
34588 -1
34690 -1
34792 -1
34894 -1
34996.1 -1
35098.1 -1
35200.1 -1
35302.2 -1
35404.2 -1
35506.2 -1
35608.2 -1
35710.3 -1
35812.3 -1
35914.3 -1
36016.4 -1
36118.4 -1
36220.4 -1
36322.5 -1
36424.5 -1
36526.5 -1
36628.5 -1
36730.6 -1
36832.6 -1
36934.6 -1
37036.7 -1
37138.7 -1
37240.7 -1
37342.7 -1
37444.8 -1
37546.8 -1
37648.8 -1
37750.9 -1
37852.9 -1
37954.9 -1
38057 -1
38159 -1
38261 -1
38363 -1
38465.1 -1
38567.1 -1
38669.1 -1
38771.2 -1
38873.2 -1
38975.2 -1
39077.2 -1
39179.3 -1
39281.3 -1
39383.3 -1
39485.4 -1
39587.4 -1
39689.4 -1
39791.4 -1
39893.5 -1
39995.5 -1
40097.5 -1
40199.6 -1
40301.6 -1
40403.6 -1
40505.7 -1
40607.7 -1
40709.7 -1
40811.7 -1
40913.8 -1
41015.8 -1
41117.8 -1
41219.9 -1
41321.9 -1
41423.9 -1
41525.9 -1
41628 -1
41730 -1
41832 -1
41934.1 -1
42036.1 -1
42138.1 -1
42240.2 -1
42342.2 -1
42444.2 -1
42546.2 -1
42648.3 -1
42750.3 -1
42852.3 -1
42954.4 -1
43056.4 -1
43158.4 -1
43260.4 -1
43362.5 -1
43464.5 -1
43566.5 -1
43668.6 -1
43770.6 -1
43872.6 -1
43974.7 -1
44076.7 -1
44178.7 -1
44280.7 -1
44382.8 -1
44484.8 -1
44586.8 -1
44688.9 -1
44790.9 -1
44892.9 -1
44994.9 -1
45097 -1
45199 -1
45301 -1
45403.1 -1
45505.1 -1
45607.1 -1
45709.2 -1
45811.2 -1
45913.2 -1
46015.2 -1
46117.3 -1
46219.3 -1
46321.3 -1
46423.4 -1
46525.4 -1
46627.4 -1
46729.4 -1
46831.5 -1
46933.5 -1
47035.5 -1
47137.6 -1
47239.6 -1
47341.6 -1
47443.7 -1
47545.7 -1
47647.7 -1
47749.7 -1
47851.8 -1
47953.8 -1
48055.8 -1
48157.9 -1
48259.9 -1
48361.9 -1
48463.9 -1
48566 -1
48668 -1
48770 -1
48872.1 -1
48974.1 -1
49076.1 -1
49178.2 -1
49280.2 -1
49382.2 -1
49484.2 -1
49586.3 -1
49688.3 -1
49790.3 -1
49892.4 -1
49994.4 -1
50096.4 -1
50198.4 -1
50300.5 -1
50402.5 -1
50504.5 -1
50606.6 -1
50708.6 -1
50810.6 -1
50912.6 -1
51014.7 -1
51116.7 -1
51218.7 -1
51320.8 -1
51422.8 -1
51524.8 -1
51626.9 -1
51728.9 -1
51830.9 -1
51932.9 -1
52035 -1
52137 -1
52239 -1
52341.1 -1
52443.1 -1
52545.1 -1
52647.1 -1
52749.2 -1
52851.2 -1
52953.2 -1
53055.3 -1
53157.3 -1
53259.3 -1
53361.4 -1
53463.4 -1
53565.4 -1
53667.4 -1
53769.5 -1
53871.5 -1
53973.5 -1
54075.6 -1
54177.6 -1
54279.6 -1
54381.6 -1
54483.7 -1
54585.7 -1
54687.7 -1
54789.8 -1
54891.8 -1
54993.8 -1
55095.9 -1
55197.9 -1
55299.9 -1
55401.9 -1
55504 -1
55606 -1
55708 -1
55810.1 -1
55912.1 -1
56014.1 -1
56116.1 -1
56218.2 -1
56320.2 -1
56422.2 -1
56524.3 -1
56626.3 -1
56728.3 -1
56830.4 -1
56932.4 -1
57034.4 -1
57136.4 -1
57238.5 -1
57340.5 -1
57442.5 -1
57544.6 -1
57646.6 -1
57748.6 -1
57850.6 -1
57952.7 -1
58054.7 -1
58156.7 -1
58258.8 -1
58360.8 -1
58462.8 -1
58564.9 -1
58666.9 -1
58768.9 -1
58870.9 -1
58973 -1
59075 -1
59177 -1
59279.1 -1
59381.1 -1
59483.1 -1
59585.1 -1
59687.2 -1
59789.2 -1
59891.2 -1
59993.3 -1
60095.3 -1
60197.3 -1
60299.4 -1
60401.4 -1
60503.4 -1
60605.4 -1
60707.5 -1
60809.5 -1
60911.5 -1
61013.6 -1
61115.6 -1
61217.6 -1
61319.6 -1
61421.7 -1
61523.7 -1
61625.7 -1
61727.8 -1
61829.8 -1
61931.8 -1
62033.8 -1
62135.9 -1
62237.9 -1
62339.9 -1
62442 -1
62544 -1
62646 -1
62748.1 -1
62850.1 -1
62952.1 -1
63054.1 -1
63156.2 -1
63258.2 -1
63360.2 -1
63462.3 -1
63564.3 -1
63666.3 -1
63768.3 -1
63870.4 -1
63972.4 -1
64074.4 -1
64176.5 -1
64278.5 -1
64380.5 -1
64482.6 -1
64584.6 -1
64686.6 -1
64788.6 -1
64890.7 -1
64992.7 -1
65094.7 -1
65196.8 -1
65298.8 -1
65400.8 -1
65502.8 -1
65604.9 -1
65706.9 -1
65808.9 -1
65911 -1
66013 -1
66115 -1
66217.1 -1
66319.1 -1
66421.1 -1
66523.1 -1
66625.2 -1
66727.2 -1
66829.2 -1
66931.3 -1
67033.3 -1
67135.3 -1
67237.3 -1
67339.4 -1
67441.4 -1
67543.4 -1
67645.5 -1
67747.5 -1
67849.5 -1
67951.6 -1
68053.6 -1
68155.6 -1
68257.6 -1
68359.7 -1
68461.7 -1
68563.7 -1
68665.8 -1
68767.8 -1
68869.8 -1
68971.8 -1
69073.9 -1
69175.9 -1
69277.9 -1
69380 -1
69482 -1
69584 -1
69686.1 -1
69788.1 -1
69890.1 -1
69992.1 -1
70094.2 -1
70196.2 -1
70298.2 -1
70400.3 -1
70502.3 -1
70604.3 -1
70706.3 -1
70808.4 -1
70910.4 -1
71012.4 -1
71114.5 -1
71216.5 -1
71318.5 -1
71420.6 -1
71522.6 -1
71624.6 -1
71726.6 -1
71828.7 -1
71930.7 -1
72032.7 -1
72134.8 -1
72236.8 -1
72338.8 -1
72440.8 -1
72542.9 -1
72644.9 -1
72746.9 -1
72849 -1
72951 -1
73053 -1
73155 -1
73257.1 -1
73359.1 -1
73461.1 -1
73563.2 -1
73665.2 -1
73767.2 -1
73869.3 -1
73971.3 -1
74073.3 -1
74175.3 -1
74277.4 -1
74379.4 -1
74481.4 -1
74583.5 -1
74685.5 -1
74787.5 -1
74889.5 -1
74991.6 -1
75093.6 -1
75195.6 -1
75297.7 -1
75399.7 -1
75501.7 -1
75603.8 -1
75705.8 -1
75807.8 -1
75909.8 -1
76011.9 -1
76113.9 -1
76215.9 -1
76318 -1
76420 -1
76522 -1
76624 -1
76726.1 -1
76828.1 -1
76930.1 -1
77032.2 -1
77134.2 -1
77236.2 -1
77338.3 -1
77440.3 -1
77542.3 -1
77644.3 -1
77746.4 -1
77848.4 -1
77950.4 -1
78052.5 -1
78154.5 -1
78256.5 -1
78358.5 -1
78460.6 -1
78562.6 -1
78664.6 -1
78766.7 -1
78868.7 -1
78970.7 -1
79072.8 -1
79174.8 -1
79276.8 -1
79378.8 -1
79480.9 -1
79582.9 -1
79684.9 -1
79787 -1
79889 -1
79991 -1
80093 -1
80195.1 -1
80297.1 -1
80399.1 -1
80501.2 -1
80603.2 -1
80705.2 -1
80807.3 -1
80909.3 -1
81011.3 -1
81113.3 -1
81215.4 -1
81317.4 -1
81419.4 -1
81521.5 -1
81623.5 -1
81725.5 -1
81827.5 -1
81929.6 -1
82031.6 -1
82133.6 -1
82235.7 -1
82337.7 -1
82439.7 -1
82541.8 -1
82643.8 -1
82745.8 -1
82847.8 -1
82949.9 -1
83051.9 -1
83153.9 -1
83256 -1
83358 -1
83460 -1
83562 -1
83664.1 -1
83766.1 -1
83868.1 -1
83970.2 -1
84072.2 -1
84174.2 -1
84276.2 -1
84378.3 -1
84480.3 -1
84582.3 -1
84684.4 -1
84786.4 -1
84888.4 -1
84990.5 -1
85092.5 -1
85194.5 -1
85296.5 -1
85398.6 -1
85500.6 -1
85602.6 -1
85704.7 -1
85806.7 -1
85908.7 -1
86010.7 -1
86112.8 -1
86214.8 -1
86316.8 -1
86418.9 -1
86520.9 -1
86622.9 -1
86725 -1
86827 -1
86929 -1
87031 -1
87133.1 -1
87235.1 -1
87337.1 -1
87439.2 -1
87541.2 -1
87643.2 -1
87745.2 -1
87847.3 -1
87949.3 -1
88051.3 -1
88153.4 -1
88255.4 -1
88357.4 -1
88459.5 -1
88561.5 -1
88663.5 -1
88765.5 -1
88867.6 -1
88969.6 -1
89071.6 -1
89173.7 -1
89275.7 -1
89377.7 -1
89479.7 -1
89581.8 -1
89683.8 -1
89785.8 -1
89887.9 -1
89989.9 -1
90091.9 -1
90194 -1
90296 -1
90398 -1
90500 -1
90602.1 -1
90704.1 -1
90806.1 -1
90908.2 -1
91010.2 -1
91112.2 -1
91214.2 -1
91316.3 -1
91418.3 -1
91520.3 -1
91622.4 -1
91724.4 -1
91826.4 -1
91928.5 -1
92030.5 -1
92132.5 -1
92234.5 -1
92336.6 -1
92438.6 -1
92540.6 -1
92642.7 -1
92744.7 -1
92846.7 -1
92948.7 -1
93050.8 -1
93152.8 -1
93254.8 -1
93356.9 -1
93458.9 -1
93560.9 -1
93663 -1
93765 -1
93867 -1
93969 -1
94071.1 -1
94173.1 -1
94275.1 -1
94377.2 -1
94479.2 -1
94581.2 -1
94683.2 -1
94785.3 -1
94887.3 -1
94989.3 -1
95091.4 -1
95193.4 -1
95295.4 -1
95397.4 -1
95499.5 -1
95601.5 -1
95703.5 -1
95805.6 -1
95907.6 -1
96009.6 -1
96111.7 -1
96213.7 -1
96315.7 -1
96417.7 -1
96519.8 -1
96621.8 -1
96723.8 -1
96825.9 -1
96927.9 -1
97029.9 -1
97131.9 -1
97234 -1
97336 -1
97438 -1
97540.1 -1
97642.1 -1
97744.1 -1
97846.2 -1
97948.2 -1
98050.2 -1
98152.2 -1
98254.3 -1
98356.3 -1
98458.3 -1
98560.4 -1
98662.4 -1
98764.4 -1
98866.4 -1
98968.5 -1
99070.5 -1
99172.5 -1
99274.6 -1
99376.6 -1
99478.6 -1
99580.7 -1
99682.7 -1
99784.7 -1
99886.7 -1
99988.8 -1
100091 -1
100193 -1
100295 -1
100397 -1
100499 -1
100601 -1
100703 -1
100805 -1
100907 -1
101009 -1
101111 -1
101213 -1
101315 -1
101417 -1
101519 -1
101621 -1
101723 -1
101825 -1
101927 -1
102029 -1
102131 -1
102233 -1
102335 -1
102437 -1
102540 -1
102642 -1
102744 -1
102846 -1
102948 -1
103050 -1
103152 -1
103254 -1
103356 -1
103458 -1
103560 -1
103662 -1
103764 -1
103866 -1
103968 -1
104070 -1
104172 -1
104274 -1
104376 -1
104478 -1
104580 -1
104682 -1
104784 -1
104886 -1
104988 -1
105090 -1
105192 -1
105294 -1
105396 -1
105498 -1
105600 -1
105702 -1
105804 -1
105906 -1
106009 -1
106111 -1
106213 -1
106315 -1
106417 -1
106519 -1
106621 -1
106723 -1
106825 -1
106927 -1
107029 -1
107131 -1
107233 -1
107335 -1
107437 -1
107539 -1
107641 -1
107743 -1
107845 -1
107947 -1
108049 -1
108151 -1
108253 -1
108355 -1
108457 -1
108559 -1
108661 -1
108763 -1
108865 -1
108967 -1
109069 -1
109171 -1
109273 -1
109375 -1
109478 -1
109580 -1
109682 -1
109784 -1
109886 -1
109988 -1
110090 -1
110192 -1
110294 -1
110396 -1
110498 -1
110600 -1
110702 -1
110804 -1
110906 -1
111008 -1
111110 -1
111212 -1
111314 -1
111416 -1
111518 -1
111620 -1
111722 -1
111824 -1
111926 -1
112028 -1
112130 -1
112232 -1
112334 -1
112436 -1
112538 -1
112640 -1
112742 -1
112844 -1
112946 -1
113049 -1
113151 -1
113253 -1
113355 -1
113457 -1
113559 -1
113661 -1
113763 -1
113865 -1
113967 -1
114069 -1
114171 -1
114273 -1
114375 -1
114477 -1
114579 -1
114681 -1
114783 -1
114885 -1
114987 -1
115089 -1
115191 -1
115293 -1
115395 -1
115497 -1
115599 -1
115701 -1
115803 -1
115905 -1
116007 -1
116109 -1
116211 -1
116313 -1
116415 -1
116518 -1
116620 -1
116722 -1
116824 -1
116926 -1
117028 -1
117130 -1
117232 -1
117334 -1
117436 -1
117538 -1
117640 -1
117742 -1
117844 -1
117946 -1
118048 -1
118150 -1
118252 -1
118354 -1
118456 -1
118558 -1
118660 -1
118762 -1
118864 -1
118966 -1
119068 -1
119170 -1
119272 -1
119374 -1
119476 -1
119578 -1
119680 -1
119782 -1
119884 -1
119987 -1
120089 -1
120191 -1
120293 -1
120395 -1
120497 -1
120599 -1
120701 -1
120803 -1
120905 -1
121007 -1
121109 -1
121211 -1
121313 -1
121415 -1
121517 -1
121619 -1
121721 -1
121823 -1
121925 -1
122027 -1
122129 -1
122231 -1
122333 -1
122435 -1
122537 -1
122639 -1
122741 -1
122843 -1
122945 -1
123047 -1
123149 -1
123251 -1
123353 -1
123456 -1
123558 -1
123660 -1
123762 -1
123864 -1
123966 -1
124068 -1
124170 -1
124272 -1
124374 -1
124476 -1
124578 -1
124680 -1
124782 -1
124884 -1
124986 -1
125088 -1
125190 -1
125292 -1
125394 -1
125496 -1
125598 -1
125700 -1
125802 -1
125904 -1
126006 -1
126108 -1
126210 -1
126312 -1
126414 -1
126516 -1
126618 -1
126720 -1
126822 -1
126925 -1
127027 -1
127129 -1
127231 -1
127333 -1
127435 -1
127537 -1
127639 -1
127741 -1
127843 -1
127945 -1
128047 -1
128149 -1
128251 -1
128353 -1
128455 -1
128557 -1
128659 -1
128761 -1
128863 -1
128965 -1
129067 -1
129169 -1
129271 -1
129373 -1
129475 -1
129577 -1
129679 -1
129781 -1
129883 -1
129985 -1
130087 -1
130189 -1
130291 -1
130394 -1
130496 -1
130598 -1
130700 -1
130802 -1
130904 -1
131006 -1
131108 -1
131210 -1
131312 -1
131414 -1
131516 -1
131618 -1
131720 -1
131822 -1
131924 -1
132026 -1
132128 -1
132230 -1
132332 -1
132434 -1
132536 -1
132638 -1
132740 -1
132842 -1
132944 -1
133046 -1
133148 -1
133250 -1
133352 -1
133454 -1
133556 -1
133658 -1
133760 -1
133863 -1
133965 -1
134067 -1
134169 -1
134271 -1
134373 -1
134475 -1
134577 -1
134679 -1
134781 -1
134883 -1
134985 -1
135087 -1
135189 -1
135291 -1
135393 -1
135495 -1
135597 -1
135699 -1
135801 -1
135903 -1
136005 -1
136107 -1
136209 -1
136311 -1
136413 -1
136515 -1
136617 -1
136719 -1
136821 -1
136923 -1
137025 -1
137127 -1
137229 -1
137332 -1
137434 -1
137536 -1
137638 -1
137740 -1
137842 -1
137944 -1
138046 -1
138148 -1
138250 -1
138352 -1
138454 -1
138556 -1
138658 -1
138760 -1
138862 -1
138964 -1
139066 -1
139168 -1
139270 -1
139372 -1
139474 -1
139576 -1
139678 -1
139780 -1
139882 -1
139984 -1
140086 -1
140188 -1
140290 -1
140392 -1
140494 -1
140596 -1
140698 -1
140801 -1
140903 -1
141005 -1
141107 -1
141209 -1
141311 -1
141413 -1
141515 -1
141617 -1
141719 -1
141821 -1
141923 -1
142025 -1
142127 -1
142229 -1
142331 -1
142433 -1
142535 -1
142637 -1
142739 -1
142841 -1
142943 -1
143045 -1
143147 -1
143249 -1
143351 -1
143453 -1
143555 -1
143657 -1
143759 -1
143861 -1
143963 -1
144065 -1
144167 -1
144270 -1
144372 -1
144474 -1
144576 -1
144678 -1
144780 -1
144882 -1
144984 -1
145086 -1
145188 -1
145290 -1
145392 -1
145494 -1
145596 -1
145698 -1
145800 -1
145902 -1
146004 -1
146106 -1
146208 -1
146310 -1
146412 -1
146514 -1
146616 -1
146718 -1
146820 -1
146922 -1
147024 -1
147126 -1
147228 -1
147330 -1
147432 -1
147534 -1
147636 -1
147739 -1
147841 -1
147943 -1
148045 -1
148147 -1
148249 -1
148351 -1
148453 -1
148555 -1
148657 -1
148759 -1
148861 -1
148963 -1
149065 -1
149167 -1
149269 -1
149371 -1
149473 -1
149575 -1
149677 -1
149779 -1
149881 -1
149983 -1
150085 -1
150187 -1
150289 -1
150391 -1
150493 -1
150595 -1
150697 -1
150799 -1
150901 -1
151003 -1
151105 -1
151208 -1
151310 -1
151412 -1
151514 -1
151616 -1
151718 -1
151820 -1
151922 -1
152024 -1
152126 -1
152228 -1
152330 -1
152432 -1
152534 -1
152636 -1
152738 -1
152840 -1
152942 -1
153044 -1
153146 -1
153248 -1
153350 -1
153452 -1
153554 -1
153656 -1
153758 -1
153860 -1
153962 -1
154064 -1
154166 -1
154268 -1
154370 -1
154472 -1
154574 -1
154677 -1
154779 -1
154881 -1
154983 -1
155085 -1
155187 -1
155289 -1
155391 -1
155493 -1
155595 -1
155697 -1
155799 -1
155901 -1
156003 -1
156105 -1
156207 -1
156309 -1
156411 -1
156513 -1
156615 -1
156717 -1
156819 -1
156921 -1
157023 -1
157125 -1
157227 -1
157329 -1
157431 -1
157533 -1
157635 -1
157737 -1
157839 -1
157941 -1
158043 -1
158146 -1
158248 -1
158350 -1
158452 -1
158554 -1
158656 -1
158758 -1
158860 -1
158962 -1
159064 -1
159166 -1
159268 -1
159370 -1
159472 -1
159574 -1
159676 -1
159778 -1
159880 -1
159982 -1
160084 -1
160186 -1
160288 -1
160390 -1
160492 -1
160594 -1
160696 -1
160798 -1
160900 -1
161002 -1
161104 -1
161206 -1
161308 -1
161410 -1
161512 -1
161615 -1
161717 -1
161819 -1
161921 -1
162023 -1
162125 -1
162227 -1
162329 -1
162431 -1
162533 -1
162635 -1
162737 -1
162839 -1
162941 -1
163043 -1
163145 -1
163247 -1
163349 -1
163451 -1
163553 -1
163655 -1
163757 -1
163859 -1
163961 -1
164063 -1
164165 -1
164267 -1
164369 -1
164471 -1
164573 -1
164675 -1
164777 -1
164879 -1
164981 -1
165084 -1
165186 -1
165288 -1
165390 -1
165492 -1
165594 -1
165696 -1
165798 -1
165900 -1
166002 -1
166104 -1
166206 -1
166308 -1
166410 -1
166512 -1
166614 -1
166716 -1
166818 -1
166920 -1
167022 -1
167124 -1
167226 -1
167328 -1
167430 -1
167532 -1
167634 -1
167736 -1
167838 -1
167940 -1
168042 -1
168144 -1
168246 -1
168348 -1
168450 -1
168552 -1
168655 -1
168757 -1
168859 -1
168961 -1
169063 -1
169165 -1
169267 -1
169369 -1
169471 -1
169573 -1
169675 -1
169777 -1
169879 -1
169981 -1
170083 -1
170185 -1
170287 -1
170389 -1
170491 -1
170593 -1
170695 -1
170797 -1
170899 -1
171001 -1
171103 -1
171205 -1
171307 -1
171409 -1
171511 -1
171613 -1
171715 -1
171817 -1
171919 -1
172021 -1
172124 -1
172226 -1
172328 -1
172430 -1
172532 -1
172634 -1
172736 -1
172838 -1
172940 -1
173042 -1
173144 -1
173246 -1
173348 -1
173450 -1
173552 -1
173654 -1
173756 -1
173858 -1
173960 -1
174062 -1
174164 -1
174266 -1
174368 -1
174470 -1
174572 -1
174674 -1
174776 -1
174878 -1
174980 -1
175082 -1
175184 -1
175286 -1
175388 -1
175490 -1
175593 -1
175695 -1
175797 -1
175899 -1
176001 -1
176103 -1
176205 -1
176307 -1
176409 -1
176511 -1
176613 -1
176715 -1
176817 -1
176919 -1
177021 -1
177123 -1
177225 -1
177327 -1
177429 -1
177531 -1
177633 -1
177735 -1
177837 -1
177939 -1
178041 -1
178143 -1
178245 -1
178347 -1
178449 -1
178551 -1
178653 -1
178755 -1
178857 -1
178959 -1
179062 -1
179164 -1
179266 -1
179368 -1
179470 -1
179572 -1
179674 -1
179776 -1
179878 -1
179980 -1
180082 -1
180184 -1
180286 -1
180388 -1
180490 -1
180592 -1
180694 -1
180796 -1
180898 -1
181000 -1
181102 -1
181204 -1
181306 -1
181408 -1
181510 -1
181612 -1
181714 -1
181816 -1
181918 -1
182020 -1
182122 -1
182224 -1
182326 -1
182428 -1
182531 -1
182633 -1
182735 -1
182837 -1
182939 -1
183041 -1
183143 -1
183245 -1
183347 -1
183449 -1
183551 -1
183653 -1
183755 -1
183857 -1
183959 -1
184061 -1
184163 -1
184265 -1
184367 -1
184469 -1
184571 -1
184673 -1
184775 -1
184877 -1
184979 -1
185081 -1
185183 -1
185285 -1
185387 -1
185489 -1
185591 -1
185693 -1
185795 -1
185897 -1
186000 -1
186102 -1
186204 -1
186306 -1
186408 -1
186510 -1
186612 -1
186714 -1
186816 -1
186918 -1
187020 -1
187122 -1
187224 -1
187326 -1
187428 -1
187530 -1
187632 -1
187734 -1
187836 -1
187938 -1
188040 -1
188142 -1
188244 -1
188346 -1
188448 -1
188550 -1
188652 -1
188754 -1
188856 -1
188958 -1
189060 -1
189162 -1
189264 -1
189366 -1
189469 -1
189571 -1
189673 -1
189775 -1
189877 -1
189979 -1
190081 -1
190183 -1
190285 -1
190387 -1
190489 -1
190591 -1
190693 -1
190795 -1
190897 -1
190999 -1
191101 -1
191203 -1
191305 -1
191407 -1
191509 -1
191611 -1
191713 -1
191815 -1
191917 -1
192019 -1
192121 -1
192223 -1
192325 -1
192427 -1
192529 -1
192631 -1
192733 -1
192835 -1
192938 -1
193040 -1
193142 -1
193244 -1
193346 -1
193448 -1
193550 -1
193652 -1
193754 -1
193856 -1
193958 -1
194060 -1
194162 -1
194264 -1
194366 -1
194468 -1
194570 -1
194672 -1
194774 -1
194876 -1
194978 -1
195080 -1
195182 -1
195284 -1
195386 -1
195488 -1
195590 -1
195692 -1
195794 -1
195896 -1
195998 -1
196100 -1
196202 -1
196304 -1
196407 -1
196509 -1
196611 -1
196713 -1
196815 -1
196917 -1
197019 -1
197121 -1
197223 -1
197325 -1
197427 -1
197529 -1
197631 -1
197733 -1
197835 -1
197937 -1
198039 -1
198141 -1
198243 -1
198345 -1
198447 -1
198549 -1
198651 -1
198753 -1
198855 -1
198957 -1
199059 -1
199161 -1
199263 -1
199365 -1
199467 -1
199569 -1
199671 -1
199773 -1
199876 -1
199978 -1
200080 -1
200182 -1
200284 -1
200386 -1
200488 -1
200590 -1
200692 -1
200794 -1
200896 -1
200998 -1
201100 -1
201202 -1
201304 -1
201406 -1
201508 -1
201610 -1
201712 -1
201814 -1
201916 -1
202018 -1
202120 -1
202222 -1
202324 -1
202426 -1
202528 -1
202630 -1
202732 -1
202834 -1
202936 -1
203038 -1
203140 -1
203242 -1
203345 -1
203447 -1
203549 -1
203651 -1
203753 -1
203855 -1
203957 -1
204059 -1
204161 -1
204263 -1
204365 -1
204467 -1
204569 -1
204671 -1
204773 -1
204875 -1
204977 -1
205079 -1
205181 -1
205283 -1
205385 -1
205487 -1
205589 -1
205691 -1
205793 -1
205895 -1
205997 -1
206099 -1
206201 -1
206303 -1
206405 -1
206507 -1
206609 -1
206711 -1
206814 -1
206916 -1
207018 -1
207120 -1
207222 -1
207324 -1
207426 -1
207528 -1
207630 -1
207732 -1
207834 -1
207936 -1
208038 -1
208140 -1
208242 -1
208344 -1
208446 -1
208548 -1
208650 -1
208752 -1
208854 -1
208956 -1
209058 -1
209160 -1
209262 -1
209364 -1
209466 -1
209568 -1
209670 -1
209772 -1
209874 -1
209976 -1
210078 -1
210180 -1
210283 -1
210385 -1
210487 -1
210589 -1
210691 -1
210793 -1
210895 -1
210997 -1
211099 -1
211201 -1
211303 -1
211405 -1
211507 -1
211609 -1
211711 -1
211813 -1
211915 -1
212017 -1
212119 -1
212221 -1
212323 -1
212425 -1
212527 -1
212629 -1
212731 -1
212833 -1
212935 -1
213037 -1
213139 -1
213241 -1
213343 -1
213445 -1
213547 -1
213649 -1
213752 -1
213854 -1
213956 -1
214058 -1
214160 -1
214262 -1
214364 -1
214466 -1
214568 -1
214670 -1
214772 -1
214874 -1
214976 -1
215078 -1
215180 -1
215282 -1
215384 -1
215486 -1
215588 -1
215690 -1
215792 -1
215894 -1
215996 -1
216098 -1
216200 -1
216302 -1
216404 -1
216506 -1
216608 -1
216710 -1
216812 -1
216914 -1
217016 -1
217118 -1
217221 -1
217323 -1
217425 -1
217527 -1
217629 -1
217731 -1
217833 -1
217935 -1
218037 -1
218139 -1
218241 -1
218343 -1
218445 -1
218547 -1
218649 -1
218751 -1
218853 -1
218955 -1
219057 -1
219159 -1
219261 -1
219363 -1
219465 -1
219567 -1
219669 -1
219771 -1
219873 -1
219975 -1
220077 -1
220179 -1
220281 -1
220383 -1
220485 -1
220587 -1
220690 -1
220792 -1
220894 -1
220996 -1
221098 -1
221200 -1
221302 -1
221404 -1
221506 -1
221608 -1
221710 -1
221812 -1
221914 -1
222016 -1
222118 -1
222220 -1
222322 -1
222424 -1
222526 -1
222628 -1
222730 -1
222832 -1
222934 -1
223036 -1
223138 -1
223240 -1
223342 -1
223444 -1
223546 -1
223648 -1
223750 -1
223852 -1
223954 -1
224056 -1
224158 -1
224261 -1
224363 -1
224465 -1
224567 -1
224669 -1
224771 -1
224873 -1
224975 -1
225077 -1
225179 -1
225281 -1
225383 -1
225485 -1
225587 -1
225689 -1
225791 -1
225893 -1
225995 -1
226097 -1
226199 -1
226301 -1
226403 -1
226505 -1
226607 -1
226709 -1
226811 -1
226913 -1
227015 -1
227117 -1
227219 -1
227321 -1
227423 -1
227525 -1
227627 -1
227730 -1
227832 -1
227934 -1
228036 -1
228138 -1
228240 -1
228342 -1
228444 -1
228546 -1
228648 -1
228750 -1
228852 -1
228954 -1
229056 -1
229158 -1
229260 -1
229362 -1
229464 -1
229566 -1
229668 -1
229770 -1
229872 -1
229974 -1
230076 -1
230178 -1
230280 -1
230382 -1
230484 -1
230586 -1
230688 -1
230790 -1
230892 -1
230994 -1
231096 -1
231199 -1
231301 -1
231403 -1
231505 -1
231607 -1
231709 -1
231811 -1
231913 -1
232015 -1
232117 -1
232219 -1
232321 -1
232423 -1
232525 -1
232627 -1
232729 -1
232831 -1
232933 -1
233035 -1
233137 -1
233239 -1
233341 -1
233443 -1
233545 -1
233647 -1
233749 -1
233851 -1
233953 -1
234055 -1
234157 -1
234259 -1
234361 -1
234463 -1
234565 -1
234668 -1
234770 -1
234872 -1
234974 -1
235076 -1
235178 -1
235280 -1
235382 -1
235484 -1
235586 -1
235688 -1
235790 -1
235892 -1
235994 -1
236096 -1
236198 -1
236300 -1
236402 -1
236504 -1
236606 -1
236708 -1
236810 -1
236912 -1
237014 -1
237116 -1
237218 -1
237320 -1
237422 -1
237524 -1
237626 -1
237728 -1
237830 -1
237932 -1
238034 -1
238137 -1
238239 -1
238341 -1
238443 -1
238545 -1
238647 -1
238749 -1
238851 -1
238953 -1
239055 -1
239157 -1
239259 -1
239361 -1
239463 -1
239565 -1
239667 -1
239769 -1
239871 -1
239973 -1
240075 -1
240177 -1
240279 -1
240381 -1
240483 -1
240585 -1
240687 -1
240789 -1
240891 -1
240993 -1
241095 -1
241197 -1
241299 -1
241401 -1
241503 -1
241606 -1
241708 -1
241810 -1
241912 -1
242014 -1
242116 -1
242218 -1
242320 -1
242422 -1
242524 -1
242626 -1
242728 -1
242830 -1
242932 -1
243034 -1
243136 -1
243238 -1
243340 -1
243442 -1
243544 -1
243646 -1
243748 -1
243850 -1
243952 -1
244054 -1
244156 -1
244258 -1
244360 -1
244462 -1
244564 -1
244666 -1
244768 -1
244870 -1
244972 -1
245075 -1
245177 -1
245279 -1
245381 -1
245483 -1
245585 -1
245687 -1
245789 -1
245891 -1
245993 -1
246095 -1
246197 -1
246299 -1
246401 -1
246503 -1
246605 -1
246707 -1
246809 -1
246911 -1
247013 -1
247115 -1
247217 -1
247319 -1
247421 -1
247523 -1
247625 -1
247727 -1
247829 -1
247931 -1
248033 -1
248135 -1
248237 -1
248339 -1
248441 -1
248544 -1
248646 -1
248748 -1
248850 -1
248952 -1
249054 -1
249156 -1
249258 -1
249360 -1
249462 -1
249564 -1
249666 -1
249768 -1
249870 -1
249972 -1
250074 -1
250176 -1
250278 -1
250380 -1
250482 -1
250584 -1
250686 -1
250788 -1
250890 -1
250992 -1
251094 -1
251196 -1
251298 -1
251400 -1
251502 -1
251604 -1
251706 -1
251808 -1
251910 -1
252013 -1
252115 -1
252217 -1
252319 -1
252421 -1
252523 -1
252625 -1
252727 -1
252829 -1
252931 -1
253033 -1
253135 -1
253237 -1
253339 -1
253441 -1
253543 -1
253645 -1
253747 -1
253849 -1
253951 -1
254053 -1
254155 -1
254257 -1
254359 -1
254461 -1
254563 -1
254665 -1
254767 -1
254869 -1
254971 -1
255073 -1
255175 -1
255277 -1
255379 -1
255482 -1
255584 -1
255686 -1
255788 -1
255890 -1
255992 -1
256094 -1
256196 -1
256298 -1
256400 -1
256502 -1
256604 -1
256706 -1
256808 -1
256910 -1
257012 -1
257114 -1
257216 -1
257318 -1
257420 -1
257522 -1
257624 -1
257726 -1
257828 -1
257930 -1
258032 -1
258134 -1
258236 -1
258338 -1
258440 -1
258542 -1
258644 -1
258746 -1
258848 -1
258951 -1
259053 -1
259155 -1
259257 -1
259359 -1
259461 -1
259563 -1
259665 -1
259767 -1
259869 -1
259971 -1
260073 -1
260175 -1
260277 -1
260379 -1
260481 -1
260583 -1
260685 -1
260787 -1
260889 -1
260991 -1
261093 -1
261195 -1
261297 -1
261399 -1
261501 -1
261603 -1
261705 -1
261807 -1
261909 -1
262011 -1
262113 -1
262215 -1
262317 -1
262420 -1
262522 -1
262624 -1
262726 -1
262828 -1
262930 -1
263032 -1
263134 -1
263236 -1
263338 -1
263440 -1
263542 -1
263644 -1
263746 -1
263848 -1
263950 -1
264052 -1
264154 -1
264256 -1
264358 -1
264460 -1
264562 -1
264664 -1
264766 -1
264868 -1
264970 -1
265072 -1
265174 -1
265276 -1
265378 -1
265480 -1
265582 -1
265684 -1
265786 -1
265889 -1
265991 -1
266093 -1
266195 -1
266297 -1
266399 -1
266501 -1
266603 -1
266705 -1
266807 -1
266909 -1
267011 -1
267113 -1
267215 -1
267317 -1
267419 -1
267521 -1
267623 -1
267725 -1
267827 -1
267929 -1
268031 -1
268133 -1
268235 -1
268337 -1
268439 -1
268541 -1
268643 -1
268745 -1
268847 -1
268949 -1
269051 -1
269153 -1
269255 -1
269358 -1
269460 -1
269562 -1
269664 -1
269766 -1
269868 -1
269970 -1
270072 -1
270174 -1
270276 -1
270378 -1
270480 -1
270582 -1
270684 -1
270786 -1
270888 -1
270990 -1
271092 -1
271194 -1
271296 -1
271398 -1
271500 -1
271602 -1
271704 -1
271806 -1
271908 -1
272010 -1
272112 -1
272214 -1
272316 -1
272418 -1
272520 -1
272622 -1
272724 -1
272827 -1
272929 -1
273031 -1
273133 -1
273235 -1
273337 -1
273439 -1
273541 -1
273643 -1
273745 -1
273847 -1
273949 -1
274051 -1
274153 -1
274255 -1
274357 -1
274459 -1
274561 -1
274663 -1
274765 -1
274867 -1
274969 -1
275071 -1
275173 -1
275275 -1
275377 -1
275479 -1
275581 -1
275683 -1
275785 -1
275887 -1
275989 -1
276091 -1
276193 -1
276296 -1
276398 -1
276500 -1
276602 -1
276704 -1
276806 -1
276908 -1
277010 -1
277112 -1
277214 -1
277316 -1
277418 -1
277520 -1
277622 -1
277724 -1
277826 -1
277928 -1
278030 -1
278132 -1
278234 -1
278336 -1
278438 -1
278540 -1
278642 -1
278744 -1
278846 -1
278948 -1
279050 -1
279152 -1
279254 -1
279356 -1
279458 -1
279560 -1
279662 -1
279764 -1
279867 -1
279969 -1
280071 -1
280173 -1
280275 -1
280377 -1
280479 -1
280581 -1
280683 -1
280785 -1
280887 -1
280989 -1
281091 -1
281193 -1
281295 -1
281397 -1
281499 -1
281601 -1
281703 -1
281805 -1
281907 -1
282009 -1
282111 -1
282213 -1
282315 -1
282417 -1
282519 -1
282621 -1
282723 -1
282825 -1
282927 -1
283029 -1
283131 -1
283233 -1
283336 -1
283438 -1
283540 -1
283642 -1
283744 -1
283846 -1
283948 -1
284050 -1
284152 -1
284254 -1
284356 -1
284458 -1
284560 -1
284662 -1
284764 -1
284866 -1
284968 -1
285070 -1
285172 -1
285274 -1
285376 -1
285478 -1
285580 -1
285682 -1
285784 -1
285886 -1
285988 -1
286090 -1
286192 -1
286294 -1
286396 -1
286498 -1
286600 -1
286702 -1
286805 -1
286907 -1
287009 -1
287111 -1
287213 -1
287315 -1
287417 -1
287519 -1
287621 -1
287723 -1
287825 -1
287927 -1
288029 -1
288131 -1
288233 -1
288335 -1
288437 -1
288539 -1
288641 -1
288743 -1
288845 -1
288947 -1
289049 -1
289151 -1
289253 -1
289355 -1
289457 -1
289559 -1
289661 -1
289763 -1
289865 -1
289967 -1
290069 -1
290171 -1
290274 -1
290376 -1
290478 -1
290580 -1
290682 -1
290784 -1
290886 -1
290988 -1
291090 -1
291192 -1
291294 -1
291396 -1
291498 -1
291600 -1
291702 -1
291804 -1
291906 -1
292008 -1
292110 -1
292212 -1
292314 -1
292416 -1
292518 -1
292620 -1
292722 -1
292824 -1
292926 -1
293028 -1
293130 -1
293232 -1
293334 -1
293436 -1
293538 -1
293640 -1
293743 -1
293845 -1
293947 -1
294049 -1
294151 -1
294253 -1
294355 -1
294457 -1
294559 -1
294661 -1
294763 -1
294865 -1
294967 -1
295069 -1
295171 -1
295273 -1
295375 -1
295477 -1
295579 -1
295681 -1
295783 -1
295885 -1
295987 -1
296089 -1
296191 -1
296293 -1
296395 -1
296497 -1
296599 -1
296701 -1
296803 -1
296905 -1
297007 -1
297109 -1
297212 -1
297314 -1
297416 -1
297518 -1
297620 -1
297722 -1
297824 -1
297926 -1
298028 -1
298130 -1
298232 -1
298334 -1
298436 -1
298538 -1
298640 -1
298742 -1
298844 -1
298946 -1
299048 -1
299150 -1
299252 -1
299354 -1
299456 -1
299558 -1
299660 -1
299762 -1
299864 -1
299966 -1
300068 -1
300170 -1
300272 -1
300374 -1
300476 -1
300578 -1
300681 -1
300783 -1
300885 -1
300987 -1
301089 -1
301191 -1
301293 -1
301395 -1
301497 -1
301599 -1
301701 -1
301803 -1
301905 -1
302007 -1
302109 -1
302211 -1
302313 -1
302415 -1
302517 -1
302619 -1
302721 -1
302823 -1
302925 -1
303027 -1
303129 -1
303231 -1
303333 -1
303435 -1
303537 -1
303639 -1
303741 -1
303843 -1
303945 -1
304047 -1
304150 -1
304252 -1
304354 -1
304456 -1
304558 -1
304660 -1
304762 -1
304864 -1
304966 -1
305068 -1
305170 -1
305272 -1
305374 -1
305476 -1
305578 -1
305680 -1
305782 -1
305884 -1
305986 -1
306088 -1
306190 -1
306292 -1
306394 -1
306496 -1
306598 -1
306700 -1
306802 -1
306904 -1
307006 -1
307108 -1
307210 -1
307312 -1
307414 -1
307516 -1
307619 -1
307721 -1
307823 -1
307925 -1
308027 -1
308129 -1
308231 -1
308333 -1
308435 -1
308537 -1
308639 -1
308741 -1
308843 -1
308945 -1
309047 -1
309149 -1
309251 -1
309353 -1
309455 -1
309557 -1
309659 -1
309761 -1
309863 -1
309965 -1
310067 -1
310169 -1
310271 -1
310373 -1
310475 -1
310577 -1
310679 -1
310781 -1
310883 -1
310985 -1
311088 -1
311190 -1
311292 -1
311394 -1
311496 -1
311598 -1
311700 -1
311802 -1
311904 -1
312006 -1
312108 -1
312210 -1
312312 -1
312414 -1
312516 -1
312618 -1
312720 -1
312822 -1
312924 -1
313026 -1
313128 -1
313230 -1
313332 -1
313434 -1
313536 -1
313638 -1
313740 -1
313842 -1
313944 -1
314046 -1
314148 -1
314250 -1
314352 -1
314454 -1
314557 -1
314659 -1
314761 -1
314863 -1
314965 -1
315067 -1
315169 -1
315271 -1
315373 -1
315475 -1
315577 -1
315679 -1
315781 -1
315883 -1
315985 -1
316087 -1
316189 -1
316291 -1
316393 -1
316495 -1
316597 -1
316699 -1
316801 -1
316903 -1
317005 -1
317107 -1
317209 -1
317311 -1
317413 -1
317515 -1
317617 -1
317719 -1
317821 -1
317923 -1
318026 -1
318128 -1
318230 -1
318332 -1
318434 -1
318536 -1
318638 -1
318740 -1
318842 -1
318944 -1
319046 -1
319148 -1
319250 -1
319352 -1
319454 -1
319556 -1
319658 -1
319760 -1
319862 -1
319964 -1
320066 -1
320168 -1
320270 -1
320372 -1
320474 -1
320576 -1
320678 -1
320780 -1
320882 -1
320984 -1
321086 -1
321188 -1
321290 -1
321392 -1
321495 -1
321597 -1
321699 -1
321801 -1
321903 -1
322005 -1
322107 -1
322209 -1
322311 -1
322413 -1
322515 -1
322617 -1
322719 -1
322821 -1
322923 -1
323025 -1
323127 -1
323229 -1
323331 -1
323433 -1
323535 -1
323637 -1
323739 -1
323841 -1
323943 -1
324045 -1
324147 -1
324249 -1
324351 -1
324453 -1
324555 -1
324657 -1
324759 -1
324861 -1
324964 -1
325066 -1
325168 -1
325270 -1
325372 -1
325474 -1
325576 -1
325678 -1
325780 -1
325882 -1
325984 -1
326086 -1
326188 -1
326290 -1
326392 -1
326494 -1
326596 -1
326698 -1
326800 -1
326902 -1
327004 -1
327106 -1
327208 -1
327310 -1
327412 -1
327514 -1
327616 -1
327718 -1
327820 -1
327922 -1
328024 -1
328126 -1
328228 -1
328330 -1
328433 -1
328535 -1
328637 -1
328739 -1
328841 -1
328943 -1
329045 -1
329147 -1
329249 -1
329351 -1
329453 -1
329555 -1
329657 -1
329759 -1
329861 -1
329963 -1
330065 -1
330167 -1
330269 -1
330371 -1
330473 -1
330575 -1
330677 -1
330779 -1
330881 -1
330983 -1
331085 -1
331187 -1
331289 -1
331391 -1
331493 -1
331595 -1
331697 -1
331799 -1
331902 -1
332004 -1
332106 -1
332208 -1
332310 -1
332412 -1
332514 -1
332616 -1
332718 -1
332820 -1
332922 -1
333024 -1
333126 -1
333228 -1
333330 -1
333432 -1
333534 -1
333636 -1
333738 -1
333840 -1
333942 -1
334044 -1
334146 -1
334248 -1
334350 -1
334452 -1
334554 -1
334656 -1
334758 -1
334860 -1
334962 -1
335064 -1
335166 -1
335268 -1
335370 -1
335473 -1
335575 -1
335677 -1
335779 -1
335881 -1
335983 -1
336085 -1
336187 -1
336289 -1
336391 -1
336493 -1
336595 -1
336697 -1
336799 -1
336901 -1
337003 -1
337105 -1
337207 -1
337309 -1
337411 -1
337513 -1
337615 -1
337717 -1
337819 -1
337921 -1
338023 -1
338125 -1
338227 -1
338329 -1
338431 -1
338533 -1
338635 -1
338737 -1
338839 -1
338942 -1
339044 -1
339146 -1
339248 -1
339350 -1
339452 -1
339554 -1
339656 -1
339758 -1
339860 -1
339962 -1
340064 -1
340166 -1
340268 -1
340370 -1
340472 -1
340574 -1
340676 -1
340778 -1
340880 -1
340982 -1
341084 -1
341186 -1
341288 -1
341390 -1
341492 -1
341594 -1
341696 -1
341798 -1
341900 -1
342002 -1
342104 -1
342206 -1
342308 -1
342411 -1
342513 -1
342615 -1
342717 -1
342819 -1
342921 -1
343023 -1
343125 -1
343227 -1
343329 -1
343431 -1
343533 -1
343635 -1
343737 -1
343839 -1
343941 -1
344043 -1
344145 -1
344247 -1
344349 -1
344451 -1
344553 -1
344655 -1
344757 -1
344859 -1
344961 -1
345063 -1
345165 -1
345267 -1
345369 -1
345471 -1
345573 -1
345675 -1
345777 -1
345880 -1
345982 -1
346084 -1
346186 -1
346288 -1
346390 -1
346492 -1
346594 -1
346696 -1
346798 -1
346900 -1
347002 -1
347104 -1
347206 -1
347308 -1
347410 -1
347512 -1
347614 -1
347716 -1
347818 -1
347920 -1
348022 -1
348124 -1
348226 -1
348328 -1
348430 -1
348532 -1
348634 -1
348736 -1
348838 -1
348940 -1
349042 -1
349144 -1
349246 -1
349349 -1
349451 -1
349553 -1
349655 -1
349757 -1
349859 -1
349961 -1
350063 -1
350165 -1
350267 -1
350369 -1
350471 -1
350573 -1
350675 -1
350777 -1
350879 -1
350981 -1
351083 -1
351185 -1
351287 -1
351389 -1
351491 -1
351593 -1
351695 -1
351797 -1
351899 -1
352001 -1
352103 -1
352205 -1
352307 -1
352409 -1
352511 -1
352613 -1
352715 -1
352818 -1
352920 -1
353022 -1
353124 -1
353226 -1
353328 -1
353430 -1
353532 -1
353634 -1
353736 -1
353838 -1
353940 -1
354042 -1
354144 -1
354246 -1
354348 -1
354450 -1
354552 -1
354654 -1
354756 -1
354858 -1
354960 -1
355062 -1
355164 -1
355266 -1
355368 -1
355470 -1
355572 -1
355674 -1
355776 -1
355878 -1
355980 -1
356082 -1
356184 -1
356287 -1
356389 -1
356491 -1
356593 -1
356695 -1
356797 -1
356899 -1
357001 -1
357103 -1
357205 -1
357307 -1
357409 -1
357511 -1
357613 -1
357715 -1
357817 -1
357919 -1
358021 -1
358123 -1
358225 -1
358327 -1
358429 -1
358531 -1
358633 -1
358735 -1
358837 -1
358939 -1
359041 -1
359143 -1
359245 -1
359347 -1
359449 -1
359551 -1
359653 -1
359756 -1
359858 -1
359960 -1
360062 -1
360164 -1
360266 -1
360368 -1
360470 -1
360572 -1
360674 -1
360776 -1
360878 -1
360980 -1
361082 -1
361184 -1
361286 -1
361388 -1
361490 -1
361592 -1
361694 -1
361796 -1
361898 -1
362000 -1
362102 -1
362204 -1
362306 -1
362408 -1
362510 -1
362612 -1
362714 -1
362816 -1
362918 -1
363020 -1
363122 -1
363225 -1
363327 -1
363429 -1
363531 -1
363633 -1
363735 -1
363837 -1
363939 -1
364041 -1
364143 -1
364245 -1
364347 -1
364449 -1
364551 -1
364653 -1
364755 -1
364857 -1
364959 -1
365061 -1
365163 -1
365265 -1
365367 -1
365469 -1
365571 -1
365673 -1
365775 -1
365877 -1
365979 -1
366081 -1
366183 -1
366285 -1
366387 -1
366489 -1
366591 -1
366694 -1
366796 -1
366898 -1
367000 -1
367102 -1
367204 -1
367306 -1
367408 -1
367510 -1
367612 -1
367714 -1
367816 -1
367918 -1
368020 -1
368122 -1
368224 -1
368326 -1
368428 -1
368530 -1
368632 -1
368734 -1
368836 -1
368938 -1
369040 -1
369142 -1
369244 -1
369346 -1
369448 -1
369550 -1
369652 -1
369754 -1
369856 -1
369958 -1
370060 -1
370163 -1
370265 -1
370367 -1
370469 -1
370571 -1
370673 -1
370775 -1
370877 -1
370979 -1
371081 -1
371183 -1
371285 -1
371387 -1
371489 -1
371591 -1
371693 -1
371795 -1
371897 -1
371999 -1
372101 -1
372203 -1
372305 -1
372407 -1
372509 -1
372611 -1
372713 -1
372815 -1
372917 -1
373019 -1
373121 -1
373223 -1
373325 -1
373427 -1
373529 -1
373632 -1
373734 -1
373836 -1
373938 -1
374040 -1
374142 -1
374244 -1
374346 -1
374448 -1
374550 -1
374652 -1
374754 -1
374856 -1
374958 -1
375060 -1
375162 -1
375264 -1
375366 -1
375468 -1
375570 -1
375672 -1
375774 -1
375876 -1
375978 -1
376080 -1
376182 -1
376284 -1
376386 -1
376488 -1
376590 -1
376692 -1
376794 -1
376896 -1
376998 -1
377101 -1
377203 -1
377305 -1
377407 -1
377509 -1
377611 -1
377713 -1
377815 -1
377917 -1
378019 -1
378121 -1
378223 -1
378325 -1
378427 -1
378529 -1
378631 -1
378733 -1
378835 -1
378937 -1
379039 -1
379141 -1
379243 -1
379345 -1
379447 -1
379549 -1
379651 -1
379753 -1
379855 -1
379957 -1
380059 -1
380161 -1
380263 -1
380365 -1
380467 -1
380570 -1
380672 -1
380774 -1
380876 -1
380978 -1
381080 -1
381182 -1
381284 -1
381386 -1
381488 -1
381590 -1
381692 -1
381794 -1
381896 -1
381998 -1
382100 -1
382202 -1
382304 -1
382406 -1
382508 -1
382610 -1
382712 -1
382814 -1
382916 -1
383018 -1
383120 -1
383222 -1
383324 -1
383426 -1
383528 -1
383630 -1
383732 -1
383834 -1
383936 -1
384039 -1
384141 -1
384243 -1
384345 -1
384447 -1
384549 -1
384651 -1
384753 -1
384855 -1
384957 -1
385059 -1
385161 -1
385263 -1
385365 -1
385467 -1
385569 -1
385671 -1
385773 -1
385875 -1
385977 -1
386079 -1
386181 -1
386283 -1
386385 -1
386487 -1
386589 -1
386691 -1
386793 -1
386895 -1
386997 -1
387099 -1
387201 -1
387303 -1
387405 -1
387508 -1
387610 -1
387712 -1
387814 -1
387916 -1
388018 -1
388120 -1
388222 -1
388324 -1
388426 -1
388528 -1
388630 -1
388732 -1
388834 -1
388936 -1
389038 -1
389140 -1
389242 -1
389344 -1
389446 -1
389548 -1
389650 -1
389752 -1
389854 -1
389956 -1
390058 -1
390160 -1
390262 -1
390364 -1
390466 -1
390568 -1
390670 -1
390772 -1
390874 -1
390976 -1
391079 -1
391181 -1
391283 -1
391385 -1
391487 -1
391589 -1
391691 -1
391793 -1
391895 -1
391997 -1
392099 -1
392201 -1
392303 -1
392405 -1
392507 -1
392609 -1
392711 -1
392813 -1
392915 -1
393017 -1
393119 -1
393221 -1
393323 -1
393425 -1
393527 -1
393629 -1
393731 -1
393833 -1
393935 -1
394037 -1
394139 -1
394241 -1
394343 -1
394445 -1
394548 -1
394650 -1
394752 -1
394854 -1
394956 -1
395058 -1
395160 -1
395262 -1
395364 -1
395466 -1
395568 -1
395670 -1
395772 -1
395874 -1
395976 -1
396078 -1
396180 -1
396282 -1
396384 -1
396486 -1
396588 -1
396690 -1
396792 -1
396894 -1
396996 -1
397098 -1
397200 -1
397302 -1
397404 -1
397506 -1
397608 -1
397710 -1
397812 -1
397914 -1
398017 -1
398119 -1
398221 -1
398323 -1
398425 -1
398527 -1
398629 -1
398731 -1
398833 -1
398935 -1
399037 -1
399139 -1
399241 -1
399343 -1
399445 -1
399547 -1
399649 -1
399751 -1
399853 -1
399955 -1
400057 -1
400159 -1
400261 -1
400363 -1
400465 -1
400567 -1
400669 -1
400771 -1
400873 -1
400975 -1
401077 -1
401179 -1
401281 -1
401383 -1
401486 -1
401588 -1
401690 -1
401792 -1
401894 -1
401996 -1
402098 -1
402200 -1
402302 -1
402404 -1
402506 -1
402608 -1
402710 -1
402812 -1
402914 -1
403016 -1
403118 -1
403220 -1
403322 -1
403424 -1
403526 -1
403628 -1
403730 -1
403832 -1
403934 -1
404036 -1
404138 -1
404240 -1
404342 -1
404444 -1
404546 -1
404648 -1
404750 -1
404852 -1
404955 -1
405057 -1
405159 -1
405261 -1
405363 -1
405465 -1
405567 -1
405669 -1
405771 -1
405873 -1
405975 -1
406077 -1
406179 -1
406281 -1
406383 -1
406485 -1
406587 -1
406689 -1
406791 -1
406893 -1
406995 -1
407097 -1
407199 -1
407301 -1
407403 -1
407505 -1
407607 -1
407709 -1
407811 -1
407913 -1
408015 -1
408117 -1
408219 -1
408321 -1
408424 -1
408526 -1
408628 -1
408730 -1
408832 -1
408934 -1
409036 -1
409138 -1
409240 -1
409342 -1
409444 -1
409546 -1
409648 -1
409750 -1
409852 -1
409954 -1
410056 -1
410158 -1
410260 -1
410362 -1
410464 -1
410566 -1
410668 -1
410770 -1
410872 -1
410974 -1
411076 -1
411178 -1
411280 -1
411382 -1
411484 -1
411586 -1
411688 -1
411790 -1
411893 -1
411995 -1
412097 -1
412199 -1
412301 -1
412403 -1
412505 -1
412607 -1
412709 -1
412811 -1
412913 -1
413015 -1
413117 -1
413219 -1
413321 -1
413423 -1
413525 -1
413627 -1
413729 -1
413831 -1
413933 -1
414035 -1
414137 -1
414239 -1
414341 -1
414443 -1
414545 -1
414647 -1
414749 -1
414851 -1
414953 -1
415055 -1
415157 -1
415259 -1
415362 -1
415464 -1
415566 -1
415668 -1
415770 -1
415872 -1
415974 -1
416076 -1
416178 -1
416280 -1
416382 -1
416484 -1
416586 -1
416688 -1
416790 -1
416892 -1
416994 -1
417096 -1
417198 -1
417300 -1
417402 -1
417504 -1
417606 -1
417708 -1
417810 -1
417912 -1
418014 -1
418116 -1
418218 -1
418320 -1
418422 -1
418524 -1
418626 -1
418728 -1
418831 -1
418933 -1
419035 -1
419137 -1
419239 -1
419341 -1
419443 -1
419545 -1
419647 -1
419749 -1
419851 -1
419953 -1
420055 -1
420157 -1
420259 -1
420361 -1
420463 -1
420565 -1
420667 -1
420769 -1
420871 -1
420973 -1
421075 -1
421177 -1
421279 -1
421381 -1
421483 -1
421585 -1
421687 -1
421789 -1
421891 -1
421993 -1
422095 -1
422197 -1
422300 -1
422402 -1
422504 -1
422606 -1
422708 -1
422810 -1
422912 -1
423014 -1
423116 -1
423218 -1
423320 -1
423422 -1
423524 -1
423626 -1
423728 -1
423830 -1
423932 -1
424034 -1
424136 -1
424238 -1
424340 -1
424442 -1
424544 -1
424646 -1
424748 -1
424850 -1
424952 -1
425054 -1
425156 -1
425258 -1
425360 -1
425462 -1
425564 -1
425666 -1
425769 -1
425871 -1
425973 -1
426075 -1
426177 -1
426279 -1
426381 -1
426483 -1
426585 -1
426687 -1
426789 -1
426891 -1
426993 -1
427095 -1
427197 -1
427299 -1
427401 -1
427503 -1
427605 -1
427707 -1
427809 -1
427911 -1
428013 -1
428115 -1
428217 -1
428319 -1
428421 -1
428523 -1
428625 -1
428727 -1
428829 -1
428931 -1
429033 -1
429135 -1
429238 -1
429340 -1
429442 -1
429544 -1
429646 -1
429748 -1
429850 -1
429952 -1
430054 -1
430156 -1
430258 -1
430360 -1
430462 -1
430564 -1
430666 -1
430768 -1
430870 -1
430972 -1
431074 -1
431176 -1
431278 -1
431380 -1
431482 -1
431584 -1
431686 -1
431788 -1
431890 -1
431992 -1
432094 -1
432196 -1
432298 -1
432400 -1
432502 -1
432604 -1
432707 -1
432809 -1
432911 -1
433013 -1
433115 -1
433217 -1
433319 -1
433421 -1
433523 -1
433625 -1
433727 -1
433829 -1
433931 -1
434033 -1
434135 -1
434237 -1
434339 -1
434441 -1
434543 -1
434645 -1
434747 -1
434849 -1
434951 -1
435053 -1
435155 -1
435257 -1
435359 -1
435461 -1
435563 -1
435665 -1
435767 -1
435869 -1
435971 -1
436073 -1
436176 -1
436278 -1
436380 -1
436482 -1
436584 -1
436686 -1
436788 -1
436890 -1
436992 -1
437094 -1
437196 -1
437298 -1
437400 -1
437502 -1
437604 -1
437706 -1
437808 -1
437910 -1
438012 -1
438114 -1
438216 -1
438318 -1
438420 -1
438522 -1
438624 -1
438726 -1
438828 -1
438930 -1
439032 -1
439134 -1
439236 -1
439338 -1
439440 -1
439542 -1
439645 -1
439747 -1
439849 -1
439951 -1
440053 -1
440155 -1
440257 -1
440359 -1
440461 -1
440563 -1
440665 -1
440767 -1
440869 -1
440971 -1
441073 -1
441175 -1
441277 -1
441379 -1
441481 -1
441583 -1
441685 -1
441787 -1
441889 -1
441991 -1
442093 -1
442195 -1
442297 -1
442399 -1
442501 -1
442603 -1
442705 -1
442807 -1
442909 -1
443011 -1
443114 -1
443216 -1
443318 -1
443420 -1
443522 -1
443624 -1
443726 -1
443828 -1
443930 -1
444032 -1
444134 -1
444236 -1
444338 -1
444440 -1
444542 -1
444644 -1
444746 -1
444848 -1
444950 -1
445052 -1
445154 -1
445256 -1
445358 -1
445460 -1
445562 -1
445664 -1
445766 -1
445868 -1
445970 -1
446072 -1
446174 -1
446276 -1
446378 -1
446480 -1
446582 -1
446685 -1
446787 -1
446889 -1
446991 -1
447093 -1
447195 -1
447297 -1
447399 -1
447501 -1
447603 -1
447705 -1
447807 -1
447909 -1
448011 -1
448113 -1
448215 -1
448317 -1
448419 -1
448521 -1
448623 -1
448725 -1
448827 -1
448929 -1
449031 -1
449133 -1
449235 -1
449337 -1
449439 -1
449541 -1
449643 -1
449745 -1
449847 -1
449949 -1
450051 -1
450154 -1
450256 -1
450358 -1
450460 -1
450562 -1
450664 -1
450766 -1
450868 -1
450970 -1
451072 -1
451174 -1
451276 -1
451378 -1
451480 -1
451582 -1
451684 -1
451786 -1
451888 -1
451990 -1
452092 -1
452194 -1
452296 -1
452398 -1
452500 -1
452602 -1
452704 -1
452806 -1
452908 -1
453010 -1
453112 -1
453214 -1
453316 -1
453418 -1
453520 -1
453623 -1
453725 -1
453827 -1
453929 -1
454031 -1
454133 -1
454235 -1
454337 -1
454439 -1
454541 -1
454643 -1
454745 -1
454847 -1
454949 -1
455051 -1
455153 -1
455255 -1
455357 -1
455459 -1
455561 -1
455663 -1
455765 -1
455867 -1
455969 -1
456071 -1
456173 -1
456275 -1
456377 -1
456479 -1
456581 -1
456683 -1
456785 -1
456887 -1
456989 -1
457092 -1
457194 -1
457296 -1
457398 -1
457500 -1
457602 -1
457704 -1
457806 -1
457908 -1
458010 -1
458112 -1
458214 -1
458316 -1
458418 -1
458520 -1
458622 -1
458724 -1
458826 -1
458928 -1
459030 -1
459132 -1
459234 -1
459336 -1
459438 -1
459540 -1
459642 -1
459744 -1
459846 -1
459948 -1
460050 -1
460152 -1
460254 -1
460356 -1
460458 -1
460561 -1
460663 -1
460765 -1
460867 -1
460969 -1
461071 -1
461173 -1
461275 -1
461377 -1
461479 -1
461581 -1
461683 -1
461785 -1
461887 -1
461989 -1
462091 -1
462193 -1
462295 -1
462397 -1
462499 -1
462601 -1
462703 -1
462805 -1
462907 -1
463009 -1
463111 -1
463213 -1
463315 -1
463417 -1
463519 -1
463621 -1
463723 -1
463825 -1
463927 -1
464030 -1
464132 -1
464234 -1
464336 -1
464438 -1
464540 -1
464642 -1
464744 -1
464846 -1
464948 -1
465050 -1
465152 -1
465254 -1
465356 -1
465458 -1
465560 -1
465662 -1
465764 -1
465866 -1
465968 -1
466070 -1
466172 -1
466274 -1
466376 -1
466478 -1
466580 -1
466682 -1
466784 -1
466886 -1
466988 -1
467090 -1
467192 -1
467294 -1
467396 -1
467499 -1
467601 -1
467703 -1
467805 -1
467907 -1
468009 -1
468111 -1
468213 -1
468315 -1
468417 -1
468519 -1
468621 -1
468723 -1
468825 -1
468927 -1
469029 -1
469131 -1
469233 -1
469335 -1
469437 -1
469539 -1
469641 -1
469743 -1
469845 -1
469947 -1
470049 -1
470151 -1
470253 -1
470355 -1
470457 -1
470559 -1
470661 -1
470763 -1
470865 -1
470968 -1
471070 -1
471172 -1
471274 -1
471376 -1
471478 -1
471580 -1
471682 -1
471784 -1
471886 -1
471988 -1
472090 -1
472192 -1
472294 -1
472396 -1
472498 -1
472600 -1
472702 -1
472804 -1
472906 -1
473008 -1
473110 -1
473212 -1
473314 -1
473416 -1
473518 -1
473620 -1
473722 -1
473824 -1
473926 -1
474028 -1
474130 -1
474232 -1
474334 -1
474437 -1
474539 -1
474641 -1
474743 -1
474845 -1
474947 -1
475049 -1
475151 -1
475253 -1
475355 -1
475457 -1
475559 -1
475661 -1
475763 -1
475865 -1
475967 -1
476069 -1
476171 -1
476273 -1
476375 -1
476477 -1
476579 -1
476681 -1
476783 -1
476885 -1
476987 -1
477089 -1
477191 -1
477293 -1
477395 -1
477497 -1
477599 -1
477701 -1
477803 -1
477906 -1
478008 -1
478110 -1
478212 -1
478314 -1
478416 -1
478518 -1
478620 -1
478722 -1
478824 -1
478926 -1
479028 -1
479130 -1
479232 -1
479334 -1
479436 -1
479538 -1
479640 -1
479742 -1
479844 -1
479946 -1
480048 -1
480150 -1
480252 -1
480354 -1
480456 -1
480558 -1
480660 -1
480762 -1
480864 -1
480966 -1
481068 -1
481170 -1
481272 -1
481375 -1
481477 -1
481579 -1
481681 -1
481783 -1
481885 -1
481987 -1
482089 -1
482191 -1
482293 -1
482395 -1
482497 -1
482599 -1
482701 -1
482803 -1
482905 -1
483007 -1
483109 -1
483211 -1
483313 -1
483415 -1
483517 -1
483619 -1
483721 -1
483823 -1
483925 -1
484027 -1
484129 -1
484231 -1
484333 -1
484435 -1
484537 -1
484639 -1
484741 -1
484844 -1
484946 -1
485048 -1
485150 -1
485252 -1
485354 -1
485456 -1
485558 -1
485660 -1
485762 -1
485864 -1
485966 -1
486068 -1
486170 -1
486272 -1
486374 -1
486476 -1
486578 -1
486680 -1
486782 -1
486884 -1
486986 -1
487088 -1
487190 -1
487292 -1
487394 -1
487496 -1
487598 -1
487700 -1
487802 -1
487904 -1
488006 -1
488108 -1
488210 -1
488313 -1
488415 -1
488517 -1
488619 -1
488721 -1
488823 -1
488925 -1
489027 -1
489129 -1
489231 -1
489333 -1
489435 -1
489537 -1
489639 -1
489741 -1
489843 -1
489945 -1
490047 -1
490149 -1
490251 -1
490353 -1
490455 -1
490557 -1
490659 -1
490761 -1
490863 -1
490965 -1
491067 -1
491169 -1
491271 -1
491373 -1
491475 -1
491577 -1
491679 -1
491782 -1
491884 -1
491986 -1
492088 -1
492190 -1
492292 -1
492394 -1
492496 -1
492598 -1
492700 -1
492802 -1
492904 -1
493006 -1
493108 -1
493210 -1
493312 -1
493414 -1
493516 -1
493618 -1
493720 -1
493822 -1
493924 -1
494026 -1
494128 -1
494230 -1
494332 -1
494434 -1
494536 -1
494638 -1
494740 -1
494842 -1
494944 -1
495046 -1
495148 -1
495251 -1
495353 -1
495455 -1
495557 -1
495659 -1
495761 -1
495863 -1
495965 -1
496067 -1
496169 -1
496271 -1
496373 -1
496475 -1
496577 -1
496679 -1
496781 -1
496883 -1
496985 -1
497087 -1
497189 -1
497291 -1
497393 -1
497495 -1
497597 -1
497699 -1
497801 -1
497903 -1
498005 -1
498107 -1
498209 -1
498311 -1
498413 -1
498515 -1
498617 -1
498720 -1
498822 -1
498924 -1
499026 -1
499128 -1
499230 -1
499332 -1
499434 -1
499536 -1
499638 -1
499740 -1
499842 -1
499944 -1
500046 -1
500148 -1
500250 -1
500352 -1
500454 -1
500556 -1
500658 -1
500760 -1
500862 -1
500964 -1
501066 -1
501168 -1
501270 -1
501372 -1
501474 -1
501576 -1
501678 -1
501780 -1
501882 -1
501984 -1
502086 -1
502188 -1
502291 -1
502393 -1
502495 -1
502597 -1
502699 -1
502801 -1
502903 -1
503005 -1
503107 -1
503209 -1
503311 -1
503413 -1
503515 -1
503617 -1
503719 -1
503821 -1
503923 -1
504025 -1
504127 -1
504229 -1
504331 -1
504433 -1
504535 -1
504637 -1
504739 -1
504841 -1
504943 -1
505045 -1
505147 -1
505249 -1
505351 -1
505453 -1
505555 -1
505657 -1
505760 -1
505862 -1
505964 -1
506066 -1
506168 -1
506270 -1
506372 -1
506474 -1
506576 -1
506678 -1
506780 -1
506882 -1
506984 -1
507086 -1
507188 -1
507290 -1
507392 -1
507494 -1
507596 -1
507698 -1
507800 -1
507902 -1
508004 -1
508106 -1
508208 -1
508310 -1
508412 -1
508514 -1
508616 -1
508718 -1
508820 -1
508922 -1
509024 -1
509126 -1
509229 -1
509331 -1
509433 -1
509535 -1
509637 -1
509739 -1
509841 -1
509943 -1
510045 -1
510147 -1
510249 -1
510351 -1
510453 -1
510555 -1
510657 -1
510759 -1
510861 -1
510963 -1
511065 -1
511167 -1
511269 -1
511371 -1
511473 -1
511575 -1
511677 -1
511779 -1
511881 -1
511983 -1
512085 -1
512187 -1
512289 -1
512391 -1
512493 -1
512595 -1
512698 -1
512800 -1
512902 -1
513004 -1
513106 -1
513208 -1
513310 -1
513412 -1
513514 -1
513616 -1
513718 -1
513820 -1
513922 -1
514024 -1
514126 -1
514228 -1
514330 -1
514432 -1
514534 -1
514636 -1
514738 -1
514840 -1
514942 -1
515044 -1
515146 -1
515248 -1
515350 -1
515452 -1
515554 -1
515656 -1
515758 -1
515860 -1
515962 -1
516064 -1
516167 -1
516269 -1
516371 -1
516473 -1
516575 -1
516677 -1
516779 -1
516881 -1
516983 -1
517085 -1
517187 -1
517289 -1
517391 -1
517493 -1
517595 -1
517697 -1
517799 -1
517901 -1
518003 -1
518105 -1
518207 -1
518309 -1
518411 -1
518513 -1
518615 -1
518717 -1
518819 -1
518921 -1
519023 -1
519125 -1
519227 -1
519329 -1
519431 -1
519533 -1
519636 -1
519738 -1
519840 -1
519942 -1
520044 -1
520146 -1
520248 -1
520350 -1
520452 -1
520554 -1
520656 -1
520758 -1
520860 -1
520962 -1
521064 -1
521166 -1
521268 -1
521370 -1
521472 -1
521574 -1
521676 -1
521778 -1
521880 -1
521982 -1
522084 -1
522186 -1
522288 -1
522390 -1
522492 -1
522594 -1
522696 -1
522798 -1
522900 -1
523002 -1
523105 -1
523207 -1
523309 -1
523411 -1
523513 -1
523615 -1
523717 -1
523819 -1
523921 -1
524023 -1
524125 -1
524227 -1
524329 -1
524431 -1
524533 -1
524635 -1
524737 -1
524839 -1
524941 -1
525043 -1
525145 -1
525247 -1
525349 -1
525451 -1
525553 -1
525655 -1
525757 -1
525859 -1
525961 -1
526063 -1
526165 -1
526267 -1
526369 -1
526471 -1
526574 -1
526676 -1
526778 -1
526880 -1
526982 -1
527084 -1
527186 -1
527288 -1
527390 -1
527492 -1
527594 -1
527696 -1
527798 -1
527900 -1
528002 -1
528104 -1
528206 -1
528308 -1
528410 -1
528512 -1
528614 -1
528716 -1
528818 -1
528920 -1
529022 -1
529124 -1
529226 -1
529328 -1
529430 -1
529532 -1
529634 -1
529736 -1
529838 -1
529940 -1
530043 -1
530145 -1
530247 -1
530349 -1
530451 -1
530553 -1
530655 -1
530757 -1
530859 -1
530961 -1
531063 -1
531165 -1
531267 -1
531369 -1
531471 -1
531573 -1
531675 -1
531777 -1
531879 -1
531981 -1
532083 -1
532185 -1
532287 -1
532389 -1
532491 -1
532593 -1
532695 -1
532797 -1
532899 -1
533001 -1
533103 -1
533205 -1
533307 -1
533409 -1
533512 -1
533614 -1
533716 -1
533818 -1
533920 -1
534022 -1
534124 -1
534226 -1
534328 -1
534430 -1
534532 -1
534634 -1
534736 -1
534838 -1
534940 -1
535042 -1
535144 -1
535246 -1
535348 -1
535450 -1
535552 -1
535654 -1
535756 -1
535858 -1
535960 -1
536062 -1
536164 -1
536266 -1
536368 -1
536470 -1
536572 -1
536674 -1
536776 -1
536878 -1
536981 -1
537083 -1
537185 -1
537287 -1
537389 -1
537491 -1
537593 -1
537695 -1
537797 -1
537899 -1
538001 -1
538103 -1
538205 -1
538307 -1
538409 -1
538511 -1
538613 -1
538715 -1
538817 -1
538919 -1
539021 -1
539123 -1
539225 -1
539327 -1
539429 -1
539531 -1
539633 -1
539735 -1
539837 -1
539939 -1
540041 -1
540143 -1
540245 -1
540347 -1
540450 -1
540552 -1
540654 -1
540756 -1
540858 -1
540960 -1
541062 -1
541164 -1
541266 -1
541368 -1
541470 -1
541572 -1
541674 -1
541776 -1
541878 -1
541980 -1
542082 -1
542184 -1
542286 -1
542388 -1
542490 -1
542592 -1
542694 -1
542796 -1
542898 -1
543000 -1
543102 -1
543204 -1
543306 -1
543408 -1
543510 -1
543612 -1
543714 -1
543816 -1
543919 -1
544021 -1
544123 -1
544225 -1
544327 -1
544429 -1
544531 -1
544633 -1
544735 -1
544837 -1
544939 -1
545041 -1
545143 -1
545245 -1
545347 -1
545449 -1
545551 -1
545653 -1
545755 -1
545857 -1
545959 -1
546061 -1
546163 -1
546265 -1
546367 -1
546469 -1
546571 -1
546673 -1
546775 -1
546877 -1
546979 -1
547081 -1
547183 -1
547285 -1
547388 -1
547490 -1
547592 -1
547694 -1
547796 -1
547898 -1
548000 -1
548102 -1
548204 -1
548306 -1
548408 -1
548510 -1
548612 -1
548714 -1
548816 -1
548918 -1
549020 -1
549122 -1
549224 -1
549326 -1
549428 -1
549530 -1
549632 -1
549734 -1
549836 -1
549938 -1
550040 -1
550142 -1
550244 -1
550346 -1
550448 -1
550550 -1
550652 -1
550754 -1
550857 -1
550959 -1
551061 -1
551163 -1
551265 -1
551367 -1
551469 -1
551571 -1
551673 -1
551775 -1
551877 -1
551979 -1
552081 -1
552183 -1
552285 -1
552387 -1
552489 -1
552591 -1
552693 -1
552795 -1
552897 -1
552999 -1
553101 -1
553203 -1
553305 -1
553407 -1
553509 -1
553611 -1
553713 -1
553815 -1
553917 -1
554019 -1
554121 -1
554223 -1
554326 -1
554428 -1
554530 -1
554632 -1
554734 -1
554836 -1
554938 -1
555040 -1
555142 -1
555244 -1
555346 -1
555448 -1
555550 -1
555652 -1
555754 -1
555856 -1
555958 -1
556060 -1
556162 -1
556264 -1
556366 -1
556468 -1
556570 -1
556672 -1
556774 -1
556876 -1
556978 -1
557080 -1
557182 -1
557284 -1
557386 -1
557488 -1
557590 -1
557692 -1
557794 -1
557897 -1
557999 -1
558101 -1
558203 -1
558305 -1
558407 -1
558509 -1
558611 -1
558713 -1
558815 -1
558917 -1
559019 -1
559121 -1
559223 -1
559325 -1
559427 -1
559529 -1
559631 -1
559733 -1
559835 -1
559937 -1
560039 -1
560141 -1
560243 -1
560345 -1
560447 -1
560549 -1
560651 -1
560753 -1
560855 -1
560957 -1
561059 -1
561161 -1
561263 -1
561366 -1
561468 -1
561570 -1
561672 -1
561774 -1
561876 -1
561978 -1
562080 -1
562182 -1
562284 -1
562386 -1
562488 -1
562590 -1
562692 -1
562794 -1
562896 -1
562998 -1
563100 -1
563202 -1
563304 -1
563406 -1
563508 -1
563610 -1
563712 -1
563814 -1
563916 -1
564018 -1
564120 -1
564222 -1
564324 -1
564426 -1
564528 -1
564630 -1
564732 -1
564835 -1
564937 -1
565039 -1
565141 -1
565243 -1
565345 -1
565447 -1
565549 -1
565651 -1
565753 -1
565855 -1
565957 -1
566059 -1
566161 -1
566263 -1
566365 -1
566467 -1
566569 -1
566671 -1
566773 -1
566875 -1
566977 -1
567079 -1
567181 -1
567283 -1
567385 -1
567487 -1
567589 -1
567691 -1
567793 -1
567895 -1
567997 -1
568099 -1
568201 -1
568304 -1
568406 -1
568508 -1
568610 -1
568712 -1
568814 -1
568916 -1
569018 -1
569120 -1
569222 -1
569324 -1
569426 -1
569528 -1
569630 -1
569732 -1
569834 -1
569936 -1
570038 -1
570140 -1
570242 -1
570344 -1
570446 -1
570548 -1
570650 -1
570752 -1
570854 -1
570956 -1
571058 -1
571160 -1
571262 -1
571364 -1
571466 -1
571568 -1
571670 -1
571773 -1
571875 -1
571977 -1
572079 -1
572181 -1
572283 -1
572385 -1
572487 -1
572589 -1
572691 -1
572793 -1
572895 -1
572997 -1
573099 -1
573201 -1
573303 -1
573405 -1
573507 -1
573609 -1
573711 -1
573813 -1
573915 -1
574017 -1
574119 -1
574221 -1
574323 -1
574425 -1
574527 -1
574629 -1
574731 -1
574833 -1
574935 -1
575037 -1
575139 -1
575242 -1
575344 -1
575446 -1
575548 -1
575650 -1
575752 -1
575854 -1
575956 -1
576058 -1
576160 -1
576262 -1
576364 -1
576466 -1
576568 -1
576670 -1
576772 -1
576874 -1
576976 -1
577078 -1
577180 -1
577282 -1
577384 -1
577486 -1
577588 -1
577690 -1
577792 -1
577894 -1
577996 -1
578098 -1
578200 -1
578302 -1
578404 -1
578506 -1
578608 -1
578711 -1
578813 -1
578915 -1
579017 -1
579119 -1
579221 -1
579323 -1
579425 -1
579527 -1
579629 -1
579731 -1
579833 -1
579935 -1
580037 -1
580139 -1
580241 -1
580343 -1
580445 -1
580547 -1
580649 -1
580751 -1
580853 -1
580955 -1
581057 -1
581159 -1
581261 -1
581363 -1
581465 -1
581567 -1
581669 -1
581771 -1
581873 -1
581975 -1
582077 -1
582180 -1
582282 -1
582384 -1
582486 -1
582588 -1
582690 -1
582792 -1
582894 -1
582996 -1
583098 -1
583200 -1
583302 -1
583404 -1
583506 -1
583608 -1
583710 -1
583812 -1
583914 -1
584016 -1
584118 -1
584220 -1
584322 -1
584424 -1
584526 -1
584628 -1
584730 -1
584832 -1
584934 -1
585036 -1
585138 -1
585240 -1
585342 -1
585444 -1
585546 -1
585649 -1
585751 -1
585853 -1
585955 -1
586057 -1
586159 -1
586261 -1
586363 -1
586465 -1
586567 1
586669 1
586771 1
586873 1
586975 1
587077 1
587179 1
587281 1
587383 1
587485 1
587587 1
587689 1
587791 1
587893 1
587995 1
588097 1
588199 1
588301 1
588403 1
588505 1
588607 1
588709 1
588811 1
588913 1
589015 1
589118 1
589220 1
589322 1
589424 1
589526 1
589628 1
589730 1
589832 1
589934 1
590036 1
590138 1
590240 1
590342 1
590444 1
590546 1
590648 1
590750 1
590852 1
590954 1
591056 1
591158 1
591260 1
591362 1
591464 1
591566 1
591668 1
591770 1
591872 1
591974 1
592076 1
592178 1
592280 1
592382 1
592484 1
592587 1
592689 1
592791 1
592893 1
592995 1
593097 1
593199 1
593301 1
593403 1
593505 1
593607 1
593709 1
593811 1
593913 1
594015 1
594117 1
594219 1
594321 1
594423 1
594525 1
594627 1
594729 1
594831 1
594933 1
595035 1
595137 1
595239 1
595341 1
595443 1
595545 1
595647 1
595749 1
595851 1
595953 1
596056 1
596158 1
596260 1
596362 1
596464 1
596566 1
596668 1
596770 1
596872 1
596974 1
597076 1
597178 1
597280 1
597382 1
597484 1
597586 1
597688 1
597790 1
597892 1
597994 1
598096 1
598198 1
598300 1
598402 1
598504 1
598606 1
598708 1
598810 1
598912 1
599014 1
599116 1
599218 1
599320 1
599422 1
599525 1
599627 1
599729 1
599831 1
599933 1
600035 1
600137 1
600239 1
600341 1
600443 1
600545 1
600647 1
600749 1
600851 1
600953 1
601055 1
601157 1
601259 1
601361 1
601463 1
601565 1
601667 1
601769 1
601871 1
601973 1
602075 1
602177 1
602279 1
602381 1
602483 1
602585 1
602687 1
602789 1
602891 1
602994 1
603096 1
603198 1
603300 1
603402 1
603504 1
603606 1
603708 1
603810 1
603912 1
604014 1
604116 1
604218 1
604320 1
604422 1
604524 1
604626 1
604728 1
604830 1
604932 1
605034 1
605136 1
605238 1
605340 1
605442 1
605544 1
605646 1
605748 1
605850 1
605952 1
606054 1
606156 1
606258 1
606360 1
606463 1
606565 1
606667 1
606769 1
606871 1
606973 1
607075 1
607177 1
607279 1
607381 1
607483 1
607585 1
607687 1
607789 1
607891 1
607993 1
608095 1
608197 1
608299 1
608401 1
608503 1
608605 1
608707 1
608809 1
608911 1
609013 1
609115 1
609217 1
609319 1
609421 1
609523 1
609625 1
609727 1
609829 1
609932 1
610034 1
610136 1
610238 1
610340 1
610442 1
610544 1
610646 1
610748 1
610850 1
610952 1
611054 1
611156 1
611258 1
611360 1
611462 1
611564 1
611666 1
611768 1
611870 1
611972 1
612074 1
612176 1
612278 1
612380 1
612482 1
612584 1
612686 1
612788 1
612890 1
612992 1
613094 1
613196 1
613298 1
613401 1
613503 1
613605 1
613707 1
613809 1
613911 1
614013 1
614115 1
614217 1
614319 1
614421 1
614523 1
614625 1
614727 1
614829 1
614931 1
615033 1
615135 1
615237 1
615339 1
615441 1
615543 1
615645 1
615747 1
615849 1
615951 1
616053 1
616155 1
616257 1
616359 1
616461 1
616563 1
616665 1
616767 1
616869 1
616972 1
617074 1
617176 1
617278 1
617380 1
617482 1
617584 1
617686 1
617788 1
617890 1
617992 1
618094 1
618196 1
618298 1
618400 1
618502 1
618604 1
618706 1
618808 1
618910 1
619012 1
619114 1
619216 1
619318 1
619420 1
619522 1
619624 1
619726 1
619828 1
619930 1
620032 1
620134 1
620236 1
620338 1
620441 1
620543 1
620645 1
620747 1
620849 1
620951 1
621053 1
621155 1
621257 1
621359 1
621461 1
621563 1
621665 1
621767 1
621869 1
621971 1
622073 1
622175 1
622277 1
622379 1
622481 1
622583 1
622685 1
622787 1
622889 1
622991 1
623093 1
623195 1
623297 1
623399 1
623501 1
623603 1
623705 1
623807 1
623910 1
624012 1
624114 1
624216 1
624318 1
624420 1
624522 1
624624 1
624726 1
624828 1
624930 1
625032 1
625134 1
625236 1
625338 1
625440 1
625542 1
625644 1
625746 1
625848 1
625950 1
626052 1
626154 1
626256 1
626358 1
626460 1
626562 1
626664 1
626766 1
626868 1
626970 1
627072 1
627174 1
627276 1
627379 1
627481 1
627583 1
627685 1
627787 1
627889 1
627991 1
628093 1
628195 1
628297 1
628399 1
628501 1
628603 1
628705 1
628807 1
628909 1
629011 1
629113 1
629215 1
629317 1
629419 1
629521 1
629623 1
629725 1
629827 1
629929 1
630031 1
630133 1
630235 1
630337 1
630439 1
630541 1
630643 1
630745 1
630848 1
630950 1
631052 1
631154 1
631256 1
631358 1
631460 1
631562 1
631664 1
631766 1
631868 1
631970 1
632072 1
632174 1
632276 1
632378 1
632480 1
632582 1
632684 1
632786 1
632888 1
632990 1
633092 1
633194 1
633296 1
633398 1
633500 1
633602 1
633704 1
633806 1
633908 1
634010 1
634112 1
634214 1
634317 1
634419 1
634521 1
634623 1
634725 1
634827 1
634929 1
635031 1
635133 1
635235 1
635337 1
635439 1
635541 1
635643 1
635745 1
635847 1
635949 1
636051 1
636153 1
636255 1
636357 1
636459 1
636561 1
636663 1
636765 1
636867 1
636969 1
637071 1
637173 1
637275 1
637377 1
637479 1
637581 1
637683 1
637786 1
637888 1
637990 1
638092 1
638194 1
638296 1
638398 1
638500 1
638602 1
638704 1
638806 1
638908 1
639010 1
639112 1
639214 1
639316 1
639418 1
639520 1
639622 1
639724 1
639826 1
639928 1
640030 1
640132 1
640234 1
640336 1
640438 1
640540 1
640642 1
640744 1
640846 1
640948 1
641050 1
641152 1
641255 1
641357 1
641459 1
641561 1
641663 1
641765 1
641867 1
641969 1
642071 1
642173 1
642275 1
642377 1
642479 1
642581 1
642683 1
642785 1
642887 1
642989 1
643091 1
643193 1
643295 1
643397 1
643499 1
643601 1
643703 1
643805 1
643907 1
644009 1
644111 1
644213 1
644315 1
644417 1
644519 1
644621 1
644724 1
644826 1
644928 1
645030 1
645132 1
645234 1
645336 1
645438 1
645540 1
645642 1
645744 1
645846 1
645948 1
646050 1
646152 1
646254 1
646356 1
646458 1
646560 1
646662 1
646764 1
646866 1
646968 1
647070 1
647172 1
647274 1
647376 1
647478 1
647580 1
647682 1
647784 1
647886 1
647988 1
648090 1
648193 1
648295 1
648397 1
648499 1
648601 1
648703 1
648805 1
648907 1
649009 1
649111 1
649213 1
649315 1
649417 1
649519 1
649621 1
649723 1
649825 1
649927 1
650029 1
650131 1
650233 1
650335 1
650437 1
650539 1
650641 1
650743 1
650845 1
650947 1
651049 1
651151 1
651253 1
651355 1
651457 1
651559 1
651662 1
651764 1
651866 1
651968 1
652070 1
652172 1
652274 1
652376 1
652478 1
652580 1
652682 1
652784 1
652886 1
652988 1
653090 1
653192 1
653294 1
653396 1
653498 1
653600 1
653702 1
653804 1
653906 1
654008 1
654110 1
654212 1
654314 1
654416 1
654518 1
654620 1
654722 1
654824 1
654926 1
655028 1
655131 1
655233 1
655335 1
655437 1
655539 1
655641 1
655743 1
655845 1
655947 1
656049 1
656151 1
656253 1
656355 1
656457 1
656559 1
656661 1
656763 1
656865 1
656967 1
657069 1
657171 1
657273 1
657375 1
657477 1
657579 1
657681 1
657783 1
657885 1
657987 1
658089 1
658191 1
658293 1
658395 1
658497 1
658600 1
658702 1
658804 1
658906 1
659008 1
659110 1
659212 1
659314 1
659416 1
659518 1
659620 1
659722 1
659824 1
659926 1
660028 1
660130 1
660232 1
660334 1
660436 1
660538 1
660640 1
660742 1
660844 1
660946 1
661048 1
661150 1
661252 1
661354 1
661456 1
661558 1
661660 1
661762 1
661864 1
661966 1
662069 1
662171 1
662273 1
662375 1
662477 1
662579 1
662681 1
662783 1
662885 1
662987 1
663089 1
663191 1
663293 1
663395 1
663497 1
663599 1
663701 1
663803 1
663905 1
664007 1
664109 1
664211 1
664313 1
664415 1
664517 1
664619 1
664721 1
664823 1
664925 1
665027 1
665129 1
665231 1
665333 1
665435 1
665538 1
665640 1
665742 1
665844 1
665946 1
666048 1
666150 1
666252 1
666354 1
666456 1
666558 1
666660 1
666762 1
666864 1
666966 1
667068 1
667170 1
667272 1
667374 1
667476 1
667578 1
667680 1
667782 1
667884 1
667986 1
668088 1
668190 1
668292 1
668394 1
668496 1
668598 1
668700 1
668802 1
668904 1
669007 1
669109 1
669211 1
669313 1
669415 1
669517 1
669619 1
669721 1
669823 1
669925 1
670027 1
670129 1
670231 1
670333 1
670435 1
670537 1
670639 1
670741 1
670843 1
670945 1
671047 1
671149 1
671251 1
671353 1
671455 1
671557 1
671659 1
671761 1
671863 1
671965 1
672067 1
672169 1
672271 1
672373 1
672475 1
672578 1
672680 1
672782 1
672884 1
672986 1
673088 1
673190 1
673292 1
673394 1
673496 1
673598 1
673700 1
673802 1
673904 1
674006 1
674108 1
674210 1
674312 1
674414 1
674516 1
674618 1
674720 1
674822 1
674924 1
675026 1
675128 1
675230 1
675332 1
675434 1
675536 1
675638 1
675740 1
675842 1
675944 1
676047 1
676149 1
676251 1
676353 1
676455 1
676557 1
676659 1
676761 1
676863 1
676965 1
677067 1
677169 1
677271 1
677373 1
677475 1
677577 1
677679 1
677781 1
677883 1
677985 1
678087 1
678189 1
678291 1
678393 1
678495 1
678597 1
678699 1
678801 1
678903 1
679005 1
679107 1
679209 1
679311 1
679413 1
679516 1
679618 1
679720 1
679822 1
679924 1
680026 1
680128 1
680230 1
680332 1
680434 1
680536 1
680638 1
680740 1
680842 1
680944 1
681046 1
681148 1
681250 1
681352 1
681454 1
681556 1
681658 1
681760 1
681862 1
681964 1
682066 1
682168 1
682270 1
682372 1
682474 1
682576 1
682678 1
682780 1
682882 1
682985 1
683087 1
683189 1
683291 1
683393 1
683495 1
683597 1
683699 1
683801 1
683903 1
684005 1
684107 1
684209 1
684311 1
684413 1
684515 1
684617 1
684719 1
684821 1
684923 1
685025 1
685127 1
685229 1
685331 1
685433 1
685535 1
685637 1
685739 1
685841 1
685943 1
686045 1
686147 1
686249 1
686351 1
686454 1
686556 1
686658 1
686760 1
686862 1
686964 1
687066 1
687168 1
687270 1
687372 1
687474 1
687576 1
687678 1
687780 1
687882 1
687984 1
688086 1
688188 1
688290 1
688392 1
688494 1
688596 1
688698 1
688800 1
688902 1
689004 1
689106 1
689208 1
689310 1
689412 1
689514 1
689616 1
689718 1
689820 1
689923 1
690025 1
690127 1
690229 1
690331 1
690433 1
690535 1
690637 1
690739 1
690841 1
690943 1
691045 1
691147 1
691249 1
691351 1
691453 1
691555 1
691657 1
691759 1
691861 1
691963 1
692065 1
692167 1
692269 1
692371 1
692473 1
692575 1
692677 1
692779 1
692881 1
692983 1
693085 1
693187 1
693289 1
693392 1
693494 1
693596 1
693698 1
693800 1
693902 1
694004 1
694106 1
694208 1
694310 1
694412 1
694514 1
694616 1
694718 1
694820 1
694922 1
695024 1
695126 1
695228 1
695330 1
695432 1
695534 1
695636 1
695738 1
695840 1
695942 1
696044 1
696146 1
696248 1
696350 1
696452 1
696554 1
696656 1
696758 1
696861 1
696963 1
697065 1
697167 1
697269 1
697371 1
697473 1
697575 1
697677 1
697779 1
697881 1
697983 1
698085 1
698187 1
698289 1
698391 1
698493 1
698595 1
698697 1
698799 1
698901 1
699003 1
699105 1
699207 1
699309 1
699411 1
699513 1
699615 1
699717 1
699819 1
699921 1
700023 1
700125 1
700227 1
700330 1
700432 1
700534 1
700636 1
700738 1
700840 1
700942 1
701044 1
701146 1
701248 1
701350 1
701452 1
701554 1
701656 1
701758 1
701860 1
701962 1
702064 1
702166 1
702268 1
702370 1
702472 1
702574 1
702676 1
702778 1
702880 1
702982 1
703084 1
703186 1
703288 1
703390 1
703492 1
703594 1
703696 1
703799 1
703901 1
704003 1
704105 1
704207 1
704309 1
704411 1
704513 1
704615 1
704717 1
704819 1
704921 1
705023 1
705125 1
705227 1
705329 1
705431 1
705533 1
705635 1
705737 1
705839 1
705941 1
706043 1
706145 1
706247 1
706349 1
706451 1
706553 1
706655 1
706757 1
706859 1
706961 1
707063 1
707165 1
707268 1
707370 1
707472 1
707574 1
707676 1
707778 1
707880 1
707982 1
708084 1
708186 1
708288 1
708390 1
708492 1
708594 1
708696 1
708798 1
708900 1
709002 1
709104 1
709206 1
709308 1
709410 1
709512 1
709614 1
709716 1
709818 1
709920 1
710022 1
710124 1
710226 1
710328 1
710430 1
710532 1
710634 1
710737 1
710839 1
710941 1
711043 1
711145 1
711247 1
711349 1
711451 1
711553 1
711655 1
711757 1
711859 1
711961 1
712063 1
712165 1
712267 1
712369 1
712471 1
712573 1
712675 1
712777 1
712879 1
712981 1
713083 1
713185 1
713287 1
713389 1
713491 1
713593 1
713695 1
713797 1
713899 1
714001 1
714103 1
714206 1
714308 1
714410 1
714512 1
714614 1
714716 1
714818 1
714920 1
715022 1
715124 1
715226 1
715328 1
715430 1
715532 1
715634 1
715736 1
715838 1
715940 1
716042 1
716144 1
716246 1
716348 1
716450 1
716552 1
716654 1
716756 1
716858 1
716960 1
717062 1
717164 1
717266 1
717368 1
717470 1
717572 1
717675 1
717777 1
717879 1
717981 1
718083 1
718185 1
718287 1
718389 1
718491 1
718593 1
718695 1
718797 1
718899 1
719001 1
719103 1
719205 1
719307 1
719409 1
719511 1
719613 1
719715 1
719817 1
719919 1
720021 1
720123 1
720225 1
720327 1
720429 1
720531 1
720633 1
720735 1
720837 1
720939 1
721041 1
721144 1
721246 1
721348 1
721450 1
721552 1
721654 1
721756 1
721858 1
721960 1
722062 1
722164 1
722266 1
722368 1
722470 1
722572 1
722674 1
722776 1
722878 1
722980 1
723082 1
723184 1
723286 1
723388 1
723490 1
723592 1
723694 1
723796 1
723898 1
724000 1
724102 1
724204 1
724306 1
724408 1
724510 1
724613 1
724715 1
724817 1
724919 1
725021 1
725123 1
725225 1
725327 1
725429 1
725531 1
725633 1
725735 1
725837 1
725939 1
726041 1
726143 1
726245 1
726347 1
726449 1
726551 1
726653 1
726755 1
726857 1
726959 1
727061 1
727163 1
727265 1
727367 1
727469 1
727571 1
727673 1
727775 1
727877 1
727979 1
728081 1
728184 1
728286 1
728388 1
728490 1
728592 1
728694 1
728796 1
728898 1
729000 1
729102 1
729204 1
729306 1
729408 1
729510 1
729612 1
729714 1
729816 1
729918 1
730020 1
730122 1
730224 1
730326 1
730428 1
730530 1
730632 1
730734 1
730836 1
730938 1
731040 1
731142 1
731244 1
731346 1
731448 1
731550 1
731653 1
731755 1
731857 1
731959 1
732061 1
732163 1
732265 1
732367 1
732469 1
732571 1
732673 1
732775 1
732877 1
732979 1
733081 1
733183 1
733285 1
733387 1
733489 1
733591 1
733693 1
733795 1
733897 1
733999 1
734101 1
734203 1
734305 1
734407 1
734509 1
734611 1
734713 1
734815 1
734917 1
735019 1
735122 1
735224 1
735326 1
735428 1
735530 1
735632 1
735734 1
735836 1
735938 1
736040 1
736142 1
736244 1
736346 1
736448 1
736550 1
736652 1
736754 1
736856 1
736958 1
737060 1
737162 1
737264 1
737366 1
737468 1
737570 1
737672 1
737774 1
737876 1
737978 1
738080 1
738182 1
738284 1
738386 1
738488 1
738591 1
738693 1
738795 1
738897 1
738999 1
739101 1
739203 1
739305 1
739407 1
739509 1
739611 1
739713 1
739815 1
739917 1
740019 1
740121 1
740223 1
740325 1
740427 1
740529 1
740631 1
740733 1
740835 1
740937 1
741039 1
741141 1
741243 1
741345 1
741447 1
741549 1
741651 1
741753 1
741855 1
741957 1
742060 1
742162 1
742264 1
742366 1
742468 1
742570 1
742672 1
742774 1
742876 1
742978 1
743080 1
743182 1
743284 1
743386 1
743488 1
743590 1
743692 1
743794 1
743896 1
743998 1
744100 1
744202 1
744304 1
744406 1
744508 1
744610 1
744712 1
744814 1
744916 1
745018 1
745120 1
745222 1
745324 1
745426 1
745529 1
745631 1
745733 1
745835 1
745937 1
746039 1
746141 1
746243 1
746345 1
746447 1
746549 1
746651 1
746753 1
746855 1
746957 1
747059 1
747161 1
747263 1
747365 1
747467 1
747569 1
747671 1
747773 1
747875 1
747977 1
748079 1
748181 1
748283 1
748385 1
748487 1
748589 1
748691 1
748793 1
748895 1
748998 1
749100 1
749202 1
749304 1
749406 1
749508 1
749610 1
749712 1
749814 1
749916 1
750018 1
750120 1
750222 1
750324 1
750426 1
750528 1
750630 1
750732 1
750834 1
750936 1
751038 1
751140 1
751242 1
751344 1
751446 1
751548 1
751650 1
751752 1
751854 1
751956 1
752058 1
752160 1
752262 1
752364 1
752467 1
752569 1
752671 1
752773 1
752875 1
752977 1
753079 1
753181 1
753283 1
753385 1
753487 1
753589 1
753691 1
753793 1
753895 1
753997 1
754099 1
754201 1
754303 1
754405 1
754507 1
754609 1
754711 1
754813 1
754915 1
755017 1
755119 1
755221 1
755323 1
755425 1
755527 1
755629 1
755731 1
755833 1
755936 1
756038 1
756140 1
756242 1
756344 1
756446 1
756548 1
756650 1
756752 1
756854 1
756956 1
757058 1
757160 1
757262 1
757364 1
757466 1
757568 1
757670 1
757772 1
757874 1
757976 1
758078 1
758180 1
758282 1
758384 1
758486 1
758588 1
758690 1
758792 1
758894 1
758996 1
759098 1
759200 1
759302 1
759405 1
759507 1
759609 1
759711 1
759813 1
759915 1
760017 1
760119 1
760221 1
760323 1
760425 1
760527 1
760629 1
760731 1
760833 1
760935 1
761037 1
761139 1
761241 1
761343 1
761445 1
761547 1
761649 1
761751 1
761853 1
761955 1
762057 1
762159 1
762261 1
762363 1
762465 1
762567 1
762669 1
762771 1
762874 1
762976 1
763078 1
763180 1
763282 1
763384 1
763486 1
763588 1
763690 1
763792 1
763894 1
763996 1
764098 1
764200 1
764302 1
764404 1
764506 1
764608 1
764710 1
764812 1
764914 1
765016 1
765118 1
765220 1
765322 1
765424 1
765526 1
765628 1
765730 1
765832 1
765934 1
766036 1
766138 1
766240 1
766343 1
766445 1
766547 1
766649 1
766751 1
766853 1
766955 1
767057 1
767159 1
767261 1
767363 1
767465 1
767567 1
767669 1
767771 1
767873 1
767975 1
768077 1
768179 1
768281 1
768383 1
768485 1
768587 1
768689 1
768791 1
768893 1
768995 1
769097 1
769199 1
769301 1
769403 1
769505 1
769607 1
769709 1
769812 1
769914 1
770016 1
770118 1
770220 1
770322 1
770424 1
770526 1
770628 1
770730 1
770832 1
770934 1
771036 1
771138 1
771240 1
771342 1
771444 1
771546 1
771648 1
771750 1
771852 1
771954 1
772056 1
772158 1
772260 1
772362 1
772464 1
772566 1
772668 1
772770 1
772872 1
772974 1
773076 1
773178 1
773281 1
773383 1
773485 1
773587 1
773689 1
773791 1
773893 1
773995 1
774097 1
774199 1
774301 1
774403 1
774505 1
774607 1
774709 1
774811 1
774913 1
775015 1
775117 1
775219 1
775321 1
775423 1
775525 1
775627 1
775729 1
775831 1
775933 1
776035 1
776137 1
776239 1
776341 1
776443 1
776545 1
776647 1
776750 1
776852 1
776954 1
777056 1
777158 1
777260 1
777362 1
777464 1
777566 1
777668 1
777770 1
777872 1
777974 1
778076 1
778178 1
778280 1
778382 1
778484 1
778586 1
778688 1
778790 1
778892 1
778994 1
779096 1
779198 1
779300 1
779402 1
779504 1
779606 1
779708 1
779810 1
779912 1
780014 1
780116 1
780219 1
780321 1
780423 1
780525 1
780627 1
780729 1
780831 1
780933 1
781035 1
781137 1
781239 1
781341 1
781443 1
781545 1
781647 1
781749 1
781851 1
781953 1
782055 1
782157 1
782259 1
782361 1
782463 1
782565 1
782667 1
782769 1
782871 1
782973 1
783075 1
783177 1
783279 1
783381 1
783483 1
783585 1
783687 1
783790 1
783892 1
783994 1
784096 1
784198 1
784300 1
784402 1
784504 1
784606 1
784708 1
784810 1
784912 1
785014 1
785116 1
785218 1
785320 1
785422 1
785524 1
785626 1
785728 1
785830 1
785932 1
786034 1
786136 1
786238 1
786340 1
786442 1
786544 1
786646 1
786748 1
786850 1
786952 1
787054 1
787156 1
787259 1
787361 1
787463 1
787565 1
787667 1
787769 1
787871 1
787973 1
788075 1
788177 1
788279 1
788381 1
788483 1
788585 1
788687 1
788789 1
788891 1
788993 1
789095 1
789197 1
789299 1
789401 1
789503 1
789605 1
789707 1
789809 1
789911 1
790013 1
790115 1
790217 1
790319 1
790421 1
790523 1
790625 1
790728 1
790830 1
790932 1
791034 1
791136 1
791238 1
791340 1
791442 1
791544 1
791646 1
791748 1
791850 1
791952 1
792054 1
792156 1
792258 1
792360 1
792462 1
792564 1
792666 1
792768 1
792870 1
792972 1
793074 1
793176 1
793278 1
793380 1
793482 1
793584 1
793686 1
793788 1
793890 1
793992 1
794094 1
794197 1
794299 1
794401 1
794503 1
794605 1
794707 1
794809 1
794911 1
795013 1
795115 1
795217 1
795319 1
795421 1
795523 1
795625 1
795727 1
795829 1
795931 1
796033 1
796135 1
796237 1
796339 1
796441 1
796543 1
796645 1
796747 1
796849 1
796951 1
797053 1
797155 1
797257 1
797359 1
797461 1
797563 1
797666 1
797768 1
797870 1
797972 1
798074 1
798176 1
798278 1
798380 1
798482 1
798584 1
798686 1
798788 1
798890 1
798992 1
799094 1
799196 1
799298 1
799400 1
799502 1
799604 1
799706 1
799808 1
799910 1
800012 1
800114 1
800216 1
800318 1
800420 1
800522 1
800624 1
800726 1
800828 1
800930 1
801032 1
801135 1
801237 1
801339 1
801441 1
801543 1
801645 1
801747 1
801849 1
801951 1
802053 1
802155 1
802257 1
802359 1
802461 1
802563 1
802665 1
802767 1
802869 1
802971 1
803073 1
803175 1
803277 1
803379 1
803481 1
803583 1
803685 1
803787 1
803889 1
803991 1
804093 1
804195 1
804297 1
804399 1
804501 1
804604 1
804706 1
804808 1
804910 1
805012 1
805114 1
805216 1
805318 1
805420 1
805522 1
805624 1
805726 1
805828 1
805930 1
806032 1
806134 1
806236 1
806338 1
806440 1
806542 1
806644 1
806746 1
806848 1
806950 1
807052 1
807154 1
807256 1
807358 1
807460 1
807562 1
807664 1
807766 1
807868 1
807970 1
808073 1
808175 1
808277 1
808379 1
808481 1
808583 1
808685 1
808787 1
808889 1
808991 1
809093 1
809195 1
809297 1
809399 1
809501 1
809603 1
809705 1
809807 1
809909 1
810011 1
810113 1
810215 1
810317 1
810419 1
810521 1
810623 1
810725 1
810827 1
810929 1
811031 1
811133 1
811235 1
811337 1
811439 1
811542 1
811644 1
811746 1
811848 1
811950 1
812052 1
812154 1
812256 1
812358 1
812460 1
812562 1
812664 1
812766 1
812868 1
812970 1
813072 1
813174 1
813276 1
813378 1
813480 1
813582 1
813684 1
813786 1
813888 1
813990 1
814092 1
814194 1
814296 1
814398 1
814500 1
814602 1
814704 1
814806 1
814908 1
815011 1
815113 1
815215 1
815317 1
815419 1
815521 1
815623 1
815725 1
815827 1
815929 1
816031 1
816133 1
816235 1
816337 1
816439 1
816541 1
816643 1
816745 1
816847 1
816949 1
817051 1
817153 1
817255 1
817357 1
817459 1
817561 1
817663 1
817765 1
817867 1
817969 1
818071 1
818173 1
818275 1
818377 1
818480 1
818582 1
818684 1
818786 1
818888 1
818990 1
819092 1
819194 1
819296 1
819398 1
819500 1
819602 1
819704 1
819806 1
819908 1
820010 1
820112 1
820214 1
820316 1
820418 1
820520 1
820622 1
820724 1
820826 1
820928 1
821030 1
821132 1
821234 1
821336 1
821438 1
821540 1
821642 1
821744 1
821846 1
821949 1
822051 1
822153 1
822255 1
822357 1
822459 1
822561 1
822663 1
822765 1
822867 1
822969 1
823071 1
823173 1
823275 1
823377 1
823479 1
823581 1
823683 1
823785 1
823887 1
823989 1
824091 1
824193 1
824295 1
824397 1
824499 1
824601 1
824703 1
824805 1
824907 1
825009 1
825111 1
825213 1
825315 1
825418 1
825520 1
825622 1
825724 1
825826 1
825928 1
826030 1
826132 1
826234 1
826336 1
826438 1
826540 1
826642 1
826744 1
826846 1
826948 1
827050 1
827152 1
827254 1
827356 1
827458 1
827560 1
827662 1
827764 1
827866 1
827968 1
828070 1
828172 1
828274 1
828376 1
828478 1
828580 1
828682 1
828784 1
828887 1
828989 1
829091 1
829193 1
829295 1
829397 1
829499 1
829601 1
829703 1
829805 1
829907 1
830009 1
830111 1
830213 1
830315 1
830417 1
830519 1
830621 1
830723 1
830825 1
830927 1
831029 1
831131 1
831233 1
831335 1
831437 1
831539 1
831641 1
831743 1
831845 1
831947 1
832049 1
832151 1
832253 1
832356 1
832458 1
832560 1
832662 1
832764 1
832866 1
832968 1
833070 1
833172 1
833274 1
833376 1
833478 1
833580 1
833682 1
833784 1
833886 1
833988 1
834090 1
834192 1
834294 1
834396 1
834498 1
834600 1
834702 1
834804 1
834906 1
835008 1
835110 1
835212 1
835314 1
835416 1
835518 1
835620 1
835722 1
835825 1
835927 1
836029 1
836131 1
836233 1
836335 1
836437 1
836539 1
836641 1
836743 1
836845 1
836947 1
837049 1
837151 1
837253 1
837355 1
837457 1
837559 1
837661 1
837763 1
837865 1
837967 1
838069 1
838171 1
838273 1
838375 1
838477 1
838579 1
838681 1
838783 1
838885 1
838987 1
839089 1
839191 1
839293 1
839396 1
839498 1
839600 1
839702 1
839804 1
839906 1
840008 1
840110 1
840212 1
840314 1
840416 1
840518 1
840620 1
840722 1
840824 1
840926 1
841028 1
841130 1
841232 1
841334 1
841436 1
841538 1
841640 1
841742 1
841844 1
841946 1
842048 1
842150 1
842252 1
842354 1
842456 1
842558 1
842660 1
842762 1
842865 1
842967 1
843069 1
843171 1
843273 1
843375 1
843477 1
843579 1
843681 1
843783 1
843885 1
843987 1
844089 1
844191 1
844293 1
844395 1
844497 1
844599 1
844701 1
844803 1
844905 1
845007 1
845109 1
845211 1
845313 1
845415 1
845517 1
845619 1
845721 1
845823 1
845925 1
846027 1
846129 1
846231 1
846334 1
846436 1
846538 1
846640 1
846742 1
846844 1
846946 1
847048 1
847150 1
847252 1
847354 1
847456 1
847558 1
847660 1
847762 1
847864 1
847966 1
848068 1
848170 1
848272 1
848374 1
848476 1
848578 1
848680 1
848782 1
848884 1
848986 1
849088 1
849190 1
849292 1
849394 1
849496 1
849598 1
849700 1
849803 1
849905 1
850007 1
850109 1
850211 1
850313 1
850415 1
850517 1
850619 1
850721 1
850823 1
850925 1
851027 1
851129 1
851231 1
851333 1
851435 1
851537 1
851639 1
851741 1
851843 1
851945 1
852047 1
852149 1
852251 1
852353 1
852455 1
852557 1
852659 1
852761 1
852863 1
852965 1
853067 1
853169 1
853272 1
853374 1
853476 1
853578 1
853680 1
853782 1
853884 1
853986 1
854088 1
854190 1
854292 1
854394 1
854496 1
854598 1
854700 1
854802 1
854904 1
855006 1
855108 1
855210 1
855312 1
855414 1
855516 1
855618 1
855720 1
855822 1
855924 1
856026 1
856128 1
856230 1
856332 1
856434 1
856536 1
856638 1
856741 1
856843 1
856945 1
857047 1
857149 1
857251 1
857353 1
857455 1
857557 1
857659 1
857761 1
857863 1
857965 1
858067 1
858169 1
858271 1
858373 1
858475 1
858577 1
858679 1
858781 1
858883 1
858985 1
859087 1
859189 1
859291 1
859393 1
859495 1
859597 1
859699 1
859801 1
859903 1
860005 1
860107 1
860210 1
860312 1
860414 1
860516 1
860618 1
860720 1
860822 1
860924 1
861026 1
861128 1
861230 1
861332 1
861434 1
861536 1
861638 1
861740 1
861842 1
861944 1
862046 1
862148 1
862250 1
862352 1
862454 1
862556 1
862658 1
862760 1
862862 1
862964 1
863066 1
863168 1
863270 1
863372 1
863474 1
863576 1
863679 1
863781 1
863883 1
863985 1
864087 1
864189 1
864291 1
864393 1
864495 1
864597 1
864699 1
864801 1
864903 1
865005 1
865107 1
865209 1
865311 1
865413 1
865515 1
865617 1
865719 1
865821 1
865923 1
866025 1
866127 1
866229 1
866331 1
866433 1
866535 1
866637 1
866739 1
866841 1
866943 1
867045 1
867148 1
867250 1
867352 1
867454 1
867556 1
867658 1
867760 1
867862 1
867964 1
868066 1
868168 1
868270 1
868372 1
868474 1
868576 1
868678 1
868780 1
868882 1
868984 1
869086 1
869188 1
869290 1
869392 1
869494 1
869596 1
869698 1
869800 1
869902 1
870004 1
870106 1
870208 1
870310 1
870412 1
870514 1
870617 1
870719 1
870821 1
870923 1
871025 1
871127 1
871229 1
871331 1
871433 1
871535 1
871637 1
871739 1
871841 1
871943 1
872045 1
872147 1
872249 1
872351 1
872453 1
872555 1
872657 1
872759 1
872861 1
872963 1
873065 1
873167 1
873269 1
873371 1
873473 1
873575 1
873677 1
873779 1
873881 1
873983 1
874086 1
874188 1
874290 1
874392 1
874494 1
874596 1
874698 1
874800 1
874902 1
875004 1
875106 1
875208 1
875310 1
875412 1
875514 1
875616 1
875718 1
875820 1
875922 1
876024 1
876126 1
876228 1
876330 1
876432 1
876534 1
876636 1
876738 1
876840 1
876942 1
877044 1
877146 1
877248 1
877350 1
877452 1
877555 1
877657 1
877759 1
877861 1
877963 1
878065 1
878167 1
878269 1
878371 1
878473 1
878575 1
878677 1
878779 1
878881 1
878983 1
879085 1
879187 1
879289 1
879391 1
879493 1
879595 1
879697 1
879799 1
879901 1
880003 1
880105 1
880207 1
880309 1
880411 1
880513 1
880615 1
880717 1
880819 1
880921 1
881024 1
881126 1
881228 1
881330 1
881432 1
881534 1
881636 1
881738 1
881840 1
881942 1
882044 1
882146 1
882248 1
882350 1
882452 1
882554 1
882656 1
882758 1
882860 1
882962 1
883064 1
883166 1
883268 1
883370 1
883472 1
883574 1
883676 1
883778 1
883880 1
883982 1
884084 1
884186 1
884288 1
884390 1
884493 1
884595 1
884697 1
884799 1
884901 1
885003 1
885105 1
885207 1
885309 1
885411 1
885513 1
885615 1
885717 1
885819 1
885921 1
886023 1
886125 1
886227 1
886329 1
886431 1
886533 1
886635 1
886737 1
886839 1
886941 1
887043 1
887145 1
887247 1
887349 1
887451 1
887553 1
887655 1
887757 1
887859 1
887962 1
888064 1
888166 1
888268 1
888370 1
888472 1
888574 1
888676 1
888778 1
888880 1
888982 1
889084 1
889186 1
889288 1
889390 1
889492 1
889594 1
889696 1
889798 1
889900 1
890002 1
890104 1
890206 1
890308 1
890410 1
890512 1
890614 1
890716 1
890818 1
890920 1
891022 1
891124 1
891226 1
891328 1
891431 1
891533 1
891635 1
891737 1
891839 1
891941 1
892043 1
892145 1
892247 1
892349 1
892451 1
892553 1
892655 1
892757 1
892859 1
892961 1
893063 1
893165 1
893267 1
893369 1
893471 1
893573 1
893675 1
893777 1
893879 1
893981 1
894083 1
894185 1
894287 1
894389 1
894491 1
894593 1
894695 1
894797 1
894899 1
895002 1
895104 1
895206 1
895308 1
895410 1
895512 1
895614 1
895716 1
895818 1
895920 1
896022 1
896124 1
896226 1
896328 1
896430 1
896532 1
896634 1
896736 1
896838 1
896940 1
897042 1
897144 1
897246 1
897348 1
897450 1
897552 1
897654 1
897756 1
897858 1
897960 1
898062 1
898164 1
898266 1
898368 1
898471 1
898573 1
898675 1
898777 1
898879 1
898981 1
899083 1
899185 1
899287 1
899389 1
899491 1
899593 1
899695 1
899797 1
899899 1
900001 1
900103 1
900205 1
900307 1
900409 1
900511 1
900613 1
900715 1
900817 1
900919 1
901021 1
901123 1
901225 1
901327 1
901429 1
901531 1
901633 1
901735 1
901837 1
901940 1
902042 1
902144 1
902246 1
902348 1
902450 1
902552 1
902654 1
902756 1
902858 1
902960 1
903062 1
903164 1
903266 1
903368 1
903470 1
903572 1
903674 1
903776 1
903878 1
903980 1
904082 1
904184 1
904286 1
904388 1
904490 1
904592 1
904694 1
904796 1
904898 1
905000 1
905102 1
905204 1
905306 1
905409 1
905511 1
905613 1
905715 1
905817 1
905919 1
906021 1
906123 1
906225 1
906327 1
906429 1
906531 1
906633 1
906735 1
906837 1
906939 1
907041 1
907143 1
907245 1
907347 1
907449 1
907551 1
907653 1
907755 1
907857 1
907959 1
908061 1
908163 1
908265 1
908367 1
908469 1
908571 1
908673 1
908775 1
908878 1
908980 1
909082 1
909184 1
909286 1
909388 1
909490 1
909592 1
909694 1
909796 1
909898 1
910000 1
910102 1
910204 1
910306 1
910408 1
910510 1
910612 1
910714 1
910816 1
910918 1
911020 1
911122 1
911224 1
911326 1
911428 1
911530 1
911632 1
911734 1
911836 1
911938 1
912040 1
912142 1
912244 1
912347 1
912449 1
912551 1
912653 1
912755 1
912857 1
912959 1
913061 1
913163 1
913265 1
913367 1
913469 1
913571 1
913673 1
913775 1
913877 1
913979 1
914081 1
914183 1
914285 1
914387 1
914489 1
914591 1
914693 1
914795 1
914897 1
914999 1
915101 1
915203 1
915305 1
915407 1
915509 1
915611 1
915713 1
915816 1
915918 1
916020 1
916122 1
916224 1
916326 1
916428 1
916530 1
916632 1
916734 1
916836 1
916938 1
917040 1
917142 1
917244 1
917346 1
917448 1
917550 1
917652 1
917754 1
917856 1
917958 1
918060 1
918162 1
918264 1
918366 1
918468 1
918570 1
918672 1
918774 1
918876 1
918978 1
919080 1
919182 1
919285 1
919387 1
919489 1
919591 1
919693 1
919795 1
919897 1
919999 1
920101 1
920203 1
920305 1
920407 1
920509 1
920611 1
920713 1
920815 1
920917 1
921019 1
921121 1
921223 1
921325 1
921427 1
921529 1
921631 1
921733 1
921835 1
921937 1
922039 1
922141 1
922243 1
922345 1
922447 1
922549 1
922651 1
922754 1
922856 1
922958 1
923060 1
923162 1
923264 1
923366 1
923468 1
923570 1
923672 1
923774 1
923876 1
923978 1
924080 1
924182 1
924284 1
924386 1
924488 1
924590 1
924692 1
924794 1
924896 1
924998 1
925100 1
925202 1
925304 1
925406 1
925508 1
925610 1
925712 1
925814 1
925916 1
926018 1
926120 1
926223 1
926325 1
926427 1
926529 1
926631 1
926733 1
926835 1
926937 1
927039 1
927141 1
927243 1
927345 1
927447 1
927549 1
927651 1
927753 1
927855 1
927957 1
928059 1
928161 1
928263 1
928365 1
928467 1
928569 1
928671 1
928773 1
928875 1
928977 1
929079 1
929181 1
929283 1
929385 1
929487 1
929589 1
929692 1
929794 1
929896 1
929998 1
930100 1
930202 1
930304 1
930406 1
930508 1
930610 1
930712 1
930814 1
930916 1
931018 1
931120 1
931222 1
931324 1
931426 1
931528 1
931630 1
931732 1
931834 1
931936 1
932038 1
932140 1
932242 1
932344 1
932446 1
932548 1
932650 1
932752 1
932854 1
932956 1
933058 1
933161 1
933263 1
933365 1
933467 1
933569 1
933671 1
933773 1
933875 1
933977 1
934079 1
934181 1
934283 1
934385 1
934487 1
934589 1
934691 1
934793 1
934895 1
934997 1
935099 1
935201 1
935303 1
935405 1
935507 1
935609 1
935711 1
935813 1
935915 1
936017 1
936119 1
936221 1
936323 1
936425 1
936527 1
936630 1
936732 1
936834 1
936936 1
937038 1
937140 1
937242 1
937344 1
937446 1
937548 1
937650 1
937752 1
937854 1
937956 1
938058 1
938160 1
938262 1
938364 1
938466 1
938568 1
938670 1
938772 1
938874 1
938976 1
939078 1
939180 1
939282 1
939384 1
939486 1
939588 1
939690 1
939792 1
939894 1
939996 1
940099 1
940201 1
940303 1
940405 1
940507 1
940609 1
940711 1
940813 1
940915 1
941017 1
941119 1
941221 1
941323 1
941425 1
941527 1
941629 1
941731 1
941833 1
941935 1
942037 1
942139 1
942241 1
942343 1
942445 1
942547 1
942649 1
942751 1
942853 1
942955 1
943057 1
943159 1
943261 1
943363 1
943465 1
943568 1
943670 1
943772 1
943874 1
943976 1
944078 1
944180 1
944282 1
944384 1
944486 1
944588 1
944690 1
944792 1
944894 1
944996 1
945098 1
945200 1
945302 1
945404 1
945506 1
945608 1
945710 1
945812 1
945914 1
946016 1
946118 1
946220 1
946322 1
946424 1
946526 1
946628 1
946730 1
946832 1
946934 1
947037 1
947139 1
947241 1
947343 1
947445 1
947547 1
947649 1
947751 1
947853 1
947955 1
948057 1
948159 1
948261 1
948363 1
948465 1
948567 1
948669 1
948771 1
948873 1
948975 1
949077 1
949179 1
949281 1
949383 1
949485 1
949587 1
949689 1
949791 1
949893 1
949995 1
950097 1
950199 1
950301 1
950403 1
950505 1
950608 1
950710 1
950812 1
950914 1
951016 1
951118 1
951220 1
951322 1
951424 1
951526 1
951628 1
951730 1
951832 1
951934 1
952036 1
952138 1
952240 1
952342 1
952444 1
952546 1
952648 1
952750 1
952852 1
952954 1
953056 1
953158 1
953260 1
953362 1
953464 1
953566 1
953668 1
953770 1
953872 1
953974 1
954077 1
954179 1
954281 1
954383 1
954485 1
954587 1
954689 1
954791 1
954893 1
954995 1
955097 1
955199 1
955301 1
955403 1
955505 1
955607 1
955709 1
955811 1
955913 1
956015 1
956117 1
956219 1
956321 1
956423 1
956525 1
956627 1
956729 1
956831 1
956933 1
957035 1
957137 1
957239 1
957341 1
957443 1
957546 1
957648 1
957750 1
957852 1
957954 1
958056 1
958158 1
958260 1
958362 1
958464 1
958566 1
958668 1
958770 1
958872 1
958974 1
959076 1
959178 1
959280 1
959382 1
959484 1
959586 1
959688 1
959790 1
959892 1
959994 1
960096 1
960198 1
960300 1
960402 1
960504 1
960606 1
960708 1
960810 1
960912 1
961015 1
961117 1
961219 1
961321 1
961423 1
961525 1
961627 1
961729 1
961831 1
961933 1
962035 1
962137 1
962239 1
962341 1
962443 1
962545 1
962647 1
962749 1
962851 1
962953 1
963055 1
963157 1
963259 1
963361 1
963463 1
963565 1
963667 1
963769 1
963871 1
963973 1
964075 1
964177 1
964279 1
964381 1
964484 1
964586 1
964688 1
964790 1
964892 1
964994 1
965096 1
965198 1
965300 1
965402 1
965504 1
965606 1
965708 1
965810 1
965912 1
966014 1
966116 1
966218 1
966320 1
966422 1
966524 1
966626 1
966728 1
966830 1
966932 1
967034 1
967136 1
967238 1
967340 1
967442 1
967544 1
967646 1
967748 1
967850 1
967953 1
968055 1
968157 1
968259 1
968361 1
968463 1
968565 1
968667 1
968769 1
968871 1
968973 1
969075 1
969177 1
969279 1
969381 1
969483 1
969585 1
969687 1
969789 1
969891 1
969993 1
970095 1
970197 1
970299 1
970401 1
970503 1
970605 1
970707 1
970809 1
970911 1
971013 1
971115 1
971217 1
971319 1
971422 1
971524 1
971626 1
971728 1
971830 1
971932 1
972034 1
972136 1
972238 1
972340 1
972442 1
972544 1
972646 1
972748 1
972850 1
972952 1
973054 1
973156 1
973258 1
973360 1
973462 1
973564 1
973666 1
973768 1
973870 1
973972 1
974074 1
974176 1
974278 1
974380 1
974482 1
974584 1
974686 1
974788 1
974891 1
974993 1
975095 1
975197 1
975299 1
975401 1
975503 1
975605 1
975707 1
975809 1
975911 1
976013 1
976115 1
976217 1
976319 1
976421 1
976523 1
976625 1
976727 1
976829 1
976931 1
977033 1
977135 1
977237 1
977339 1
977441 1
977543 1
977645 1
977747 1
977849 1
977951 1
978053 1
978155 1
978257 1
978360 1
978462 1
978564 1
978666 1
978768 1
978870 1
978972 1
979074 1
979176 1
979278 1
979380 1
979482 1
979584 1
979686 1
979788 1
979890 1
979992 1
980094 1
980196 1
980298 1
980400 1
980502 1
980604 1
980706 1
980808 1
980910 1
981012 1
981114 1
981216 1
981318 1
981420 1
981522 1
981624 1
981726 1
981829 1
981931 1
982033 1
982135 1
982237 1
982339 1
982441 1
982543 1
982645 1
982747 1
982849 1
982951 1
983053 1
983155 1
983257 1
983359 1
983461 1
983563 1
983665 1
983767 1
983869 1
983971 1
984073 1
984175 1
984277 1
984379 1
984481 1
984583 1
984685 1
984787 1
984889 1
984991 1
985093 1
985195 1
985298 1
985400 1
985502 1
985604 1
985706 1
985808 1
985910 1
986012 1
986114 1
986216 1
986318 1
986420 1
986522 1
986624 1
986726 1
986828 1
986930 1
987032 1
987134 1
987236 1
987338 1
987440 1
987542 1
987644 1
987746 1
987848 1
987950 1
988052 1
988154 1
988256 1
988358 1
988460 1
988562 1
988664 1
988767 1
988869 1
988971 1
989073 1
989175 1
989277 1
989379 1
989481 1
989583 1
989685 1
989787 1
989889 1
989991 1
990093 1
990195 1
990297 1
990399 1
990501 1
990603 1
990705 1
990807 1
990909 1
991011 1
991113 1
991215 1
991317 1
991419 1
991521 1
991623 1
991725 1
991827 1
991929 1
992031 1
992133 1
992236 1
992338 1
992440 1
992542 1
992644 1
992746 1
992848 1
992950 1
993052 1
993154 1
993256 1
993358 1
993460 1
993562 1
993664 1
993766 1
993868 1
993970 1
994072 1
994174 1
994276 1
994378 1
994480 1
994582 1
994684 1
994786 1
994888 1
994990 1
995092 1
995194 1
995296 1
995398 1
995500 1
995602 1
995705 1
995807 1
995909 1
996011 1
996113 1
996215 1
996317 1
996419 1
996521 1
996623 1
996725 1
996827 1
996929 1
997031 1
997133 1
997235 1
997337 1
997439 1
997541 1
997643 1
997745 1
997847 1
997949 1
998051 1
998153 1
998255 1
998357 1
998459 1
998561 1
998663 1
998765 1
998867 1
998969 1
999071 1
999174 1
999276 1
999378 1
999480 1
999582 1
999684 1
999786 1
999888 1
999990 1
1.00009e+06 1
1.00019e+06 1
1.0003e+06 1
1.0004e+06 1
1.0005e+06 1
1.0006e+06 1
1.0007e+06 1
1.00081e+06 1
1.00091e+06 1
1.00101e+06 1
1.00111e+06 1
1.00121e+06 1
1.00132e+06 1
1.00142e+06 1
1.00152e+06 1
1.00162e+06 1
1.00172e+06 1
1.00183e+06 1
1.00193e+06 1
1.00203e+06 1
1.00213e+06 1
1.00223e+06 1
1.00234e+06 1
1.00244e+06 1
1.00254e+06 1
1.00264e+06 1
1.00274e+06 1
1.00285e+06 1
1.00295e+06 1
1.00305e+06 1
1.00315e+06 1
1.00325e+06 1
1.00336e+06 1
1.00346e+06 1
1.00356e+06 1
1.00366e+06 1
1.00376e+06 1
1.00387e+06 1
1.00397e+06 1
1.00407e+06 1
1.00417e+06 1
1.00427e+06 1
1.00438e+06 1
1.00448e+06 1
1.00458e+06 1
1.00468e+06 1
1.00479e+06 1
1.00489e+06 1
1.00499e+06 1
1.00509e+06 1
1.00519e+06 1
1.0053e+06 1
1.0054e+06 1
1.0055e+06 1
1.0056e+06 1
1.0057e+06 1
1.00581e+06 1
1.00591e+06 1
1.00601e+06 1
1.00611e+06 1
1.00621e+06 1
1.00632e+06 1
1.00642e+06 1
1.00652e+06 1
1.00662e+06 1
1.00672e+06 1
1.00683e+06 1
1.00693e+06 1
1.00703e+06 1
1.00713e+06 1
1.00723e+06 1
1.00734e+06 1
1.00744e+06 1
1.00754e+06 1
1.00764e+06 1
1.00774e+06 1
1.00785e+06 1
1.00795e+06 1
1.00805e+06 1
1.00815e+06 1
1.00825e+06 1
1.00836e+06 1
1.00846e+06 1
1.00856e+06 1
1.00866e+06 1
1.00876e+06 1
1.00887e+06 1
1.00897e+06 1
1.00907e+06 1
1.00917e+06 1
1.00927e+06 1
1.00938e+06 1
1.00948e+06 1
1.00958e+06 1
1.00968e+06 1
1.00978e+06 1
1.00989e+06 1
1.00999e+06 1
1.01009e+06 1
1.01019e+06 1
1.01029e+06 1
1.0104e+06 1
1.0105e+06 1
1.0106e+06 1
1.0107e+06 1
1.0108e+06 1
1.01091e+06 1
1.01101e+06 1
1.01111e+06 1
1.01121e+06 1
1.01131e+06 1
1.01142e+06 1
1.01152e+06 1
1.01162e+06 1
1.01172e+06 1
1.01183e+06 1
1.01193e+06 1
1.01203e+06 1
1.01213e+06 1
1.01223e+06 1
1.01234e+06 1
1.01244e+06 1
1.01254e+06 1
1.01264e+06 1
1.01274e+06 1
1.01285e+06 1
1.01295e+06 1
1.01305e+06 1
1.01315e+06 1
1.01325e+06 1
1.01336e+06 1
1.01346e+06 1
1.01356e+06 1
1.01366e+06 1
1.01376e+06 1
1.01387e+06 1
1.01397e+06 1
1.01407e+06 1
1.01417e+06 1
1.01427e+06 1
1.01438e+06 1
1.01448e+06 1
1.01458e+06 1
1.01468e+06 1
1.01478e+06 1
1.01489e+06 1
1.01499e+06 1
1.01509e+06 1
1.01519e+06 1
1.01529e+06 1
1.0154e+06 1
1.0155e+06 1
1.0156e+06 1
1.0157e+06 1
1.0158e+06 1
1.01591e+06 1
1.01601e+06 1
1.01611e+06 1
1.01621e+06 1
1.01631e+06 1
1.01642e+06 1
1.01652e+06 1
1.01662e+06 1
1.01672e+06 1
1.01682e+06 1
1.01693e+06 1
1.01703e+06 1
1.01713e+06 1
1.01723e+06 1
1.01733e+06 1
1.01744e+06 1
1.01754e+06 1
1.01764e+06 1
1.01774e+06 1
1.01784e+06 1
1.01795e+06 1
1.01805e+06 1
1.01815e+06 1
1.01825e+06 1
1.01836e+06 1
1.01846e+06 1
1.01856e+06 1
1.01866e+06 1
1.01876e+06 1
1.01887e+06 1
1.01897e+06 1
1.01907e+06 1
1.01917e+06 1
1.01927e+06 1
1.01938e+06 1
1.01948e+06 1
1.01958e+06 1
1.01968e+06 1
1.01978e+06 1
1.01989e+06 1
1.01999e+06 1
1.02009e+06 1
1.02019e+06 1
