0 1
102.029 1
204.059 1
306.088 1
408.117 1
510.147 1
612.176 1
714.206 1
816.235 1
918.264 1
1020.29 1
1122.32 1
1224.35 1
1326.38 1
1428.41 1
1530.44 1
1632.47 1
1734.5 1
1836.53 1
1938.56 1
2040.59 1
2142.62 1
2244.65 1
2346.68 1
2448.7 1
2550.73 1
2652.76 1
2754.79 1
2856.82 1
2958.85 1
3060.88 1
3162.91 1
3264.94 1
3366.97 1
3469 1
3571.03 1
3673.06 1
3775.09 1
3877.12 1
3979.14 1
4081.17 1
4183.2 1
4285.23 1
4387.26 1
4489.29 1
4591.32 1
4693.35 1
4795.38 1
4897.41 1
4999.44 1
5101.47 1
5203.5 1
5305.53 1
5407.56 1
5509.59 1
5611.61 1
5713.64 1
5815.67 1
5917.7 1
6019.73 1
6121.76 1
6223.79 1
6325.82 1
6427.85 1
6529.88 1
6631.91 1
6733.94 1
6835.97 1
6938 1
7040.03 1
7142.06 1
7244.08 1
7346.11 1
7448.14 1
7550.17 1
7652.2 1
7754.23 1
7856.26 1
7958.29 1
8060.32 1
8162.35 1
8264.38 1
8366.41 1
8468.44 1
8570.47 1
8672.5 1
8774.52 1
8876.55 1
8978.58 1
9080.61 1
9182.64 1
9284.67 1
9386.7 1
9488.73 1
9590.76 1
9692.79 1
9794.82 1
9896.85 1
9998.88 1
10100.9 1
10202.9 1
10305 1
10407 1
10509 1
10611.1 1
10713.1 1
10815.1 1
10917.1 1
11019.2 1
11121.2 1
11223.2 1
11325.3 1
11427.3 1
11529.3 1
11631.3 1
11733.4 1
11835.4 1
11937.4 1
12039.5 1
12141.5 1
12243.5 1
12345.6 1
12447.6 1
12549.6 1
12651.6 1
12753.7 1
12855.7 1
12957.7 1
13059.8 1
13161.8 1
13263.8 1
13365.8 1
13467.9 1
13569.9 1
13671.9 1
13774 1
13876 1
13978 1
14080.1 1
14182.1 1
14284.1 1
14386.1 1
14488.2 1
14590.2 1
14692.2 1
14794.3 1
14896.3 1
14998.3 1
15100.3 1
15202.4 1
15304.4 1
15406.4 1
15508.5 1
15610.5 1
15712.5 1
15814.6 1
15916.6 1
16018.6 1
16120.6 1
16222.7 1
16324.7 1
16426.7 1
16528.8 1
16630.8 1
16732.8 1
16834.8 1
16936.9 1
17038.9 1
17140.9 1
17243 1
17345 1
17447 1
17549 1
17651.1 1
17753.1 1
17855.1 1
17957.2 1
18059.2 1
18161.2 1
18263.3 1
18365.3 1
18467.3 1
18569.3 1
18671.4 1
18773.4 1
18875.4 1
18977.5 1
19079.5 1
19181.5 1
19283.5 1
19385.6 1
19487.6 1
19589.6 1
19691.7 1
19793.7 1
19895.7 1
19997.8 1
20099.8 1
20201.8 1
20303.8 1
20405.9 1
20507.9 1
20609.9 1
20712 1
20814 1
20916 1
21018 1
21120.1 1
21222.1 1
21324.1 1
21426.2 1
21528.2 1
21630.2 1
21732.3 1
21834.3 1
21936.3 1
22038.3 1
22140.4 1
22242.4 1
22344.4 1
22446.5 1
22548.5 1
22650.5 1
22752.5 1
22854.6 1
22956.6 1
23058.6 1
23160.7 1
23262.7 1
23364.7 1
23466.8 1
23568.8 1
23670.8 1
23772.8 1
23874.9 1
23976.9 1
24078.9 1
24181 1
24283 1
24385 1
24487 1
24589.1 1
24691.1 1
24793.1 1
24895.2 1
24997.2 1
25099.2 1
25201.3 1
25303.3 1
25405.3 1
25507.3 1
25609.4 1
25711.4 1
25813.4 1
25915.5 1
26017.5 1
26119.5 1
26221.5 1
26323.6 1
26425.6 1
26527.6 1
26629.7 1
26731.7 1
26833.7 1
26935.8 1
27037.8 1
27139.8 1
27241.8 1
27343.9 1
27445.9 1
27547.9 1
27650 1
27752 1
27854 1
27956 1
28058.1 1
28160.1 1
28262.1 1
28364.2 1
28466.2 1
28568.2 1
28670.2 1
28772.3 1
28874.3 1
28976.3 1
29078.4 1
29180.4 1
29282.4 1
29384.5 1
29486.5 1
29588.5 1
29690.5 1
29792.6 1
29894.6 1
29996.6 1
30098.7 1
30200.7 1
30302.7 1
30404.7 1
30506.8 1
30608.8 1
30710.8 1
30812.9 1
30914.9 1
31016.9 1
31119 1
31221 1
31323 1
31425 1
31527.1 1
31629.1 1
31731.1 1
31833.2 1
31935.2 1
32037.2 1
32139.2 1
32241.3 1
32343.3 1
32445.3 1
32547.4 1
32649.4 1
32751.4 1
32853.5 1
32955.5 1
33057.5 1
33159.5 1
33261.6 1
33363.6 1
33465.6 1
33567.7 1
33669.7 1
33771.7 1
33873.7 1
33975.8 1
34077.8 1
34179.8 1
34281.9 1
34383.9 1
34485.9 1
34588 1
34690 1
34792 1
34894 1
34996.1 1
35098.1 1
35200.1 1
35302.2 1
35404.2 1
35506.2 1
35608.2 1
35710.3 1
35812.3 1
35914.3 1
36016.4 1
36118.4 1
36220.4 1
36322.5 1
36424.5 1
36526.5 1
36628.5 1
36730.6 1
36832.6 1
36934.6 1
37036.7 1
37138.7 1
37240.7 1
37342.7 1
37444.8 1
37546.8 1
37648.8 1
37750.9 1
37852.9 1
37954.9 1
38057 1
38159 1
38261 1
38363 1
38465.1 1
38567.1 1
38669.1 1
38771.2 1
38873.2 1
38975.2 1
39077.2 1
39179.3 1
39281.3 1
39383.3 1
39485.4 1
39587.4 1
39689.4 1
39791.4 1
39893.5 1
39995.5 1
40097.5 1
40199.6 1
40301.6 1
40403.6 1
40505.7 1
40607.7 1
40709.7 1
40811.7 1
40913.8 1
41015.8 1
41117.8 1
41219.9 1
41321.9 1
41423.9 1
41525.9 1
41628 1
41730 1
41832 1
41934.1 1
42036.1 1
42138.1 1
42240.2 1
42342.2 1
42444.2 1
42546.2 1
42648.3 1
42750.3 1
42852.3 1
42954.4 1
43056.4 1
43158.4 1
43260.4 1
43362.5 1
43464.5 1
43566.5 1
43668.6 1
43770.6 1
43872.6 1
43974.7 1
44076.7 1
44178.7 1
44280.7 1
44382.8 1
44484.8 1
44586.8 1
44688.9 1
44790.9 1
44892.9 1
44994.9 1
45097 1
45199 1
45301 1
45403.1 1
45505.1 1
45607.1 1
45709.2 1
45811.2 1
45913.2 1
46015.2 1
46117.3 1
46219.3 1
46321.3 1
46423.4 1
46525.4 1
46627.4 1
46729.4 1
46831.5 1
46933.5 1
47035.5 1
47137.6 1
47239.6 1
47341.6 1
47443.7 1
47545.7 1
47647.7 1
47749.7 1
47851.8 1
47953.8 1
48055.8 1
48157.9 1
48259.9 1
48361.9 1
48463.9 1
48566 1
48668 1
48770 1
48872.1 1
48974.1 1
49076.1 1
49178.2 1
49280.2 1
49382.2 1
49484.2 1
49586.3 1
49688.3 1
49790.3 1
49892.4 1
49994.4 1
50096.4 1
50198.4 1
50300.5 1
50402.5 1
50504.5 1
50606.6 1
50708.6 1
50810.6 1
50912.6 1
51014.7 1
51116.7 1
51218.7 1
51320.8 1
51422.8 1
51524.8 1
51626.9 1
51728.9 1
51830.9 1
51932.9 1
52035 1
52137 1
52239 1
52341.1 1
52443.1 1
52545.1 1
52647.1 1
52749.2 1
52851.2 1
52953.2 1
53055.3 1
53157.3 1
53259.3 1
53361.4 1
53463.4 1
53565.4 1
53667.4 1
53769.5 1
53871.5 1
53973.5 1
54075.6 1
54177.6 1
54279.6 1
54381.6 1
54483.7 1
54585.7 1
54687.7 1
54789.8 1
54891.8 1
54993.8 1
55095.9 1
55197.9 1
55299.9 1
55401.9 1
55504 1
55606 1
55708 1
55810.1 1
55912.1 1
56014.1 1
56116.1 1
56218.2 1
56320.2 1
56422.2 1
56524.3 1
56626.3 1
56728.3 1
56830.4 1
56932.4 1
57034.4 1
57136.4 1
57238.5 1
57340.5 1
57442.5 1
57544.6 1
57646.6 1
57748.6 1
57850.6 1
57952.7 1
58054.7 1
58156.7 1
58258.8 1
58360.8 1
58462.8 1
58564.9 1
58666.9 1
58768.9 1
58870.9 1
58973 1
59075 1
59177 1
59279.1 1
59381.1 1
59483.1 1
59585.1 1
59687.2 1
59789.2 1
59891.2 1
59993.3 1
60095.3 1
60197.3 1
60299.4 1
60401.4 1
60503.4 1
60605.4 1
60707.5 1
60809.5 1
60911.5 1
61013.6 1
61115.6 1
61217.6 1
61319.6 1
61421.7 1
61523.7 1
61625.7 1
61727.8 1
61829.8 1
61931.8 1
62033.8 1
62135.9 1
62237.9 1
62339.9 1
62442 1
62544 1
62646 1
62748.1 1
62850.1 1
62952.1 1
63054.1 1
63156.2 1
63258.2 1
63360.2 1
63462.3 1
63564.3 1
63666.3 1
63768.3 1
63870.4 1
63972.4 1
64074.4 1
64176.5 1
64278.5 1
64380.5 1
64482.6 1
64584.6 1
64686.6 1
64788.6 1
64890.7 1
64992.7 1
65094.7 1
65196.8 1
65298.8 1
65400.8 1
65502.8 1
65604.9 1
65706.9 1
65808.9 1
65911 1
66013 1
66115 1
66217.1 1
66319.1 1
66421.1 1
66523.1 1
66625.2 1
66727.2 1
66829.2 1
66931.3 1
67033.3 1
67135.3 1
67237.3 1
67339.4 1
67441.4 1
67543.4 1
67645.5 1
67747.5 1
67849.5 1
67951.6 1
68053.6 1
68155.6 1
68257.6 1
68359.7 1
68461.7 1
68563.7 1
68665.8 1
68767.8 1
68869.8 1
68971.8 1
69073.9 1
69175.9 1
69277.9 1
69380 1
69482 1
69584 1
69686.1 1
69788.1 1
69890.1 1
69992.1 1
70094.2 1
70196.2 1
70298.2 1
70400.3 1
70502.3 1
70604.3 1
70706.3 1
70808.4 1
70910.4 1
71012.4 1
71114.5 1
71216.5 1
71318.5 1
71420.6 1
71522.6 1
71624.6 1
71726.6 1
71828.7 1
71930.7 1
72032.7 1
72134.8 1
72236.8 1
72338.8 1
72440.8 1
72542.9 1
72644.9 1
72746.9 1
72849 1
72951 1
73053 1
73155 1
73257.1 1
73359.1 1
73461.1 1
73563.2 1
73665.2 1
73767.2 1
73869.3 1
73971.3 1
74073.3 1
74175.3 1
74277.4 1
74379.4 1
74481.4 1
74583.5 1
74685.5 1
74787.5 1
74889.5 1
74991.6 1
75093.6 1
75195.6 1
75297.7 1
75399.7 1
75501.7 1
75603.8 1
75705.8 1
75807.8 1
75909.8 1
76011.9 1
76113.9 1
76215.9 1
76318 1
76420 1
76522 1
76624 1
76726.1 1
76828.1 1
76930.1 1
77032.2 1
77134.2 1
77236.2 1
77338.3 1
77440.3 1
77542.3 1
77644.3 1
77746.4 1
77848.4 1
77950.4 1
78052.5 1
78154.5 1
78256.5 1
78358.5 1
78460.6 1
78562.6 1
78664.6 1
78766.7 1
78868.7 1
78970.7 1
79072.8 1
79174.8 1
79276.8 1
79378.8 1
79480.9 1
79582.9 1
79684.9 1
79787 1
79889 1
79991 1
80093 1
80195.1 1
80297.1 1
80399.1 1
80501.2 1
80603.2 1
80705.2 1
80807.3 1
80909.3 1
81011.3 1
81113.3 1
81215.4 1
81317.4 1
81419.4 1
81521.5 1
81623.5 1
81725.5 1
81827.5 1
81929.6 1
82031.6 1
82133.6 1
82235.7 1
82337.7 1
82439.7 1
82541.8 1
82643.8 1
82745.8 1
82847.8 1
82949.9 1
83051.9 1
83153.9 1
83256 1
83358 1
83460 1
83562 1
83664.1 1
83766.1 1
83868.1 1
83970.2 1
84072.2 1
84174.2 1
84276.2 1
84378.3 1
84480.3 1
84582.3 1
84684.4 1
84786.4 1
84888.4 1
84990.5 1
85092.5 1
85194.5 1
85296.5 1
85398.6 1
85500.6 1
85602.6 1
85704.7 1
85806.7 1
85908.7 1
86010.7 1
86112.8 1
86214.8 1
86316.8 1
86418.9 1
86520.9 1
86622.9 1
86725 1
86827 1
86929 1
87031 1
87133.1 1
87235.1 1
87337.1 1
87439.2 1
87541.2 1
87643.2 1
87745.2 1
87847.3 1
87949.3 1
88051.3 1
88153.4 1
88255.4 1
88357.4 1
88459.5 1
88561.5 1
88663.5 1
88765.5 1
88867.6 1
88969.6 1
89071.6 1
89173.7 1
89275.7 1
89377.7 1
89479.7 1
89581.8 1
89683.8 1
89785.8 1
89887.9 1
89989.9 1
90091.9 1
90194 1
90296 1
90398 1
90500 1
90602.1 1
90704.1 1
90806.1 1
90908.2 1
91010.2 1
91112.2 1
91214.2 1
91316.3 1
91418.3 1
91520.3 1
91622.4 1
91724.4 1
91826.4 1
91928.5 1
92030.5 1
92132.5 1
92234.5 1
92336.6 1
92438.6 1
92540.6 1
92642.7 1
92744.7 1
92846.7 1
92948.7 1
93050.8 1
93152.8 1
93254.8 1
93356.9 1
93458.9 1
93560.9 1
93663 1
93765 1
93867 1
93969 1
94071.1 1
94173.1 1
94275.1 1
94377.2 1
94479.2 1
94581.2 1
94683.2 1
94785.3 1
94887.3 1
94989.3 1
95091.4 1
95193.4 1
95295.4 1
95397.4 1
95499.5 1
95601.5 1
95703.5 1
95805.6 1
95907.6 1
96009.6 1
96111.7 1
96213.7 1
96315.7 1
96417.7 1
96519.8 1
96621.8 1
96723.8 1
96825.9 1
96927.9 1
97029.9 1
97131.9 1
97234 1
97336 1
97438 1
97540.1 1
97642.1 1
97744.1 1
97846.2 1
97948.2 1
98050.2 1
98152.2 1
98254.3 1
98356.3 1
98458.3 1
98560.4 1
98662.4 1
98764.4 1
98866.4 1
98968.5 1
99070.5 1
99172.5 1
99274.6 1
99376.6 1
99478.6 1
99580.7 1
99682.7 1
99784.7 1
99886.7 1
99988.8 1
100091 1
100193 1
100295 1
100397 1
100499 1
100601 1
100703 1
100805 1
100907 1
101009 1
101111 1
101213 1
101315 1
101417 1
101519 1
101621 1
101723 1
101825 1
101927 1
102029 1
102131 1
102233 1
102335 1
102437 1
102540 1
102642 1
102744 1
102846 1
102948 1
103050 1
103152 1
103254 1
103356 1
103458 1
103560 1
103662 1
103764 1
103866 1
103968 1
104070 1
104172 1
104274 1
104376 1
104478 1
104580 1
104682 1
104784 1
104886 1
104988 1
105090 1
105192 1
105294 1
105396 1
105498 1
105600 1
105702 1
105804 1
105906 1
106009 1
106111 1
106213 1
106315 1
106417 1
106519 1
106621 1
106723 1
106825 1
106927 1
107029 1
107131 1
107233 1
107335 1
107437 1
107539 1
107641 1
107743 1
107845 1
107947 1
108049 1
108151 1
108253 1
108355 1
108457 1
108559 1
108661 1
108763 1
108865 1
108967 1
109069 1
109171 1
109273 1
109375 1
109478 1
109580 1
109682 1
109784 1
109886 1
109988 1
110090 1
110192 1
110294 1
110396 1
110498 1
110600 1
110702 1
110804 1
110906 1
111008 1
111110 1
111212 1
111314 1
111416 1
111518 1
111620 1
111722 1
111824 1
111926 1
112028 1
112130 1
112232 1
112334 1
112436 1
112538 1
112640 1
112742 1
112844 1
112946 1
113049 1
113151 1
113253 1
113355 1
113457 1
113559 1
113661 1
113763 1
113865 1
113967 1
114069 1
114171 1
114273 1
114375 1
114477 1
114579 1
114681 1
114783 1
114885 1
114987 1
115089 1
115191 1
115293 1
115395 1
115497 1
115599 1
115701 1
115803 1
115905 1
116007 1
116109 1
116211 1
116313 1
116415 1
116518 1
116620 1
116722 1
116824 1
116926 1
117028 1
117130 1
117232 1
117334 1
117436 1
117538 1
117640 1
117742 1
117844 1
117946 1
118048 1
118150 1
118252 1
118354 1
118456 1
118558 1
118660 1
118762 1
118864 1
118966 1
119068 1
119170 1
119272 1
119374 1
119476 1
119578 1
119680 1
119782 1
119884 1
119987 1
120089 1
120191 1
120293 1
120395 1
120497 1
120599 1
120701 1
120803 1
120905 1
121007 1
121109 1
121211 1
121313 1
121415 1
121517 1
121619 1
121721 1
121823 1
121925 1
122027 1
122129 1
122231 1
122333 1
122435 1
122537 1
122639 1
122741 1
122843 1
122945 1
123047 1
123149 1
123251 1
123353 1
123456 1
123558 1
123660 1
123762 1
123864 1
123966 1
124068 1
124170 1
124272 1
124374 1
124476 1
124578 1
124680 1
124782 1
124884 1
124986 1
125088 1
125190 1
125292 1
125394 1
125496 1
125598 1
125700 1
125802 1
125904 1
126006 1
126108 1
126210 1
126312 1
126414 1
126516 1
126618 1
126720 1
126822 1
126925 1
127027 1
127129 1
127231 1
127333 1
127435 1
127537 1
127639 1
127741 1
127843 1
127945 1
128047 1
128149 1
128251 1
128353 1
128455 1
128557 1
128659 1
128761 1
128863 1
128965 1
129067 1
129169 1
129271 1
129373 1
129475 1
129577 1
129679 1
129781 1
129883 1
129985 1
130087 1
130189 1
130291 1
130394 1
130496 1
130598 1
130700 1
130802 1
130904 1
131006 1
131108 1
131210 1
131312 1
131414 1
131516 1
131618 1
131720 1
131822 1
131924 1
132026 1
132128 1
132230 1
132332 1
132434 1
132536 1
132638 1
132740 1
132842 1
132944 1
133046 1
133148 1
133250 1
133352 1
133454 1
133556 1
133658 1
133760 1
133863 1
133965 1
134067 1
134169 1
134271 1
134373 1
134475 1
134577 1
134679 1
134781 1
134883 1
134985 1
135087 1
135189 1
135291 1
135393 1
135495 1
135597 1
135699 1
135801 1
135903 1
136005 1
136107 1
136209 1
136311 1
136413 1
136515 1
136617 1
136719 1
136821 1
136923 1
137025 1
137127 1
137229 1
137332 1
137434 1
137536 1
137638 1
137740 1
137842 1
137944 1
138046 1
138148 1
138250 1
138352 1
138454 1
138556 1
138658 1
138760 1
138862 1
138964 1
139066 1
139168 1
139270 1
139372 1
139474 1
139576 1
139678 1
139780 1
139882 1
139984 1
140086 1
140188 1
140290 1
140392 1
140494 1
140596 1
140698 1
140801 1
140903 1
141005 1
141107 1
141209 1
141311 1
141413 1
141515 1
141617 1
141719 1
141821 1
141923 1
142025 1
142127 1
142229 1
142331 1
142433 1
142535 1
142637 1
142739 1
142841 1
142943 1
143045 1
143147 1
143249 1
143351 1
143453 1
143555 1
143657 1
143759 1
143861 1
143963 1
144065 1
144167 1
144270 1
144372 1
144474 1
144576 1
144678 1
144780 1
144882 1
144984 1
145086 1
145188 1
145290 1
145392 1
145494 1
145596 1
145698 1
145800 1
145902 1
146004 1
146106 1
146208 1
146310 1
146412 1
146514 1
146616 1
146718 1
146820 1
146922 1
147024 1
147126 1
147228 1
147330 1
147432 1
147534 1
147636 1
147739 1
147841 1
147943 1
148045 1
148147 1
148249 1
148351 1
148453 1
148555 1
148657 1
148759 1
148861 1
148963 1
149065 1
149167 1
149269 1
149371 1
149473 1
149575 1
149677 1
149779 1
149881 1
149983 1
150085 1
150187 1
150289 1
150391 1
150493 1
150595 1
150697 1
150799 1
150901 1
151003 1
151105 1
151208 1
151310 1
151412 1
151514 1
151616 1
151718 1
151820 1
151922 1
152024 1
152126 1
152228 1
152330 1
152432 1
152534 1
152636 1
152738 1
152840 1
152942 1
153044 1
153146 1
153248 1
153350 1
153452 1
153554 1
153656 1
153758 1
153860 1
153962 1
154064 1
154166 1
154268 1
154370 1
154472 1
154574 1
154677 1
154779 1
154881 1
154983 1
155085 1
155187 1
155289 1
155391 1
155493 1
155595 1
155697 1
155799 1
155901 1
156003 1
156105 1
156207 1
156309 1
156411 1
156513 1
156615 1
156717 1
156819 1
156921 1
157023 1
157125 1
157227 1
157329 1
157431 1
157533 1
157635 1
157737 1
157839 1
157941 1
158043 1
158146 1
158248 1
158350 1
158452 1
158554 1
158656 1
158758 1
158860 1
158962 1
159064 1
159166 1
159268 1
159370 1
159472 1
159574 1
159676 1
159778 1
159880 1
159982 1
160084 1
160186 1
160288 1
160390 1
160492 1
160594 1
160696 1
160798 1
160900 1
161002 1
161104 1
161206 1
161308 1
161410 1
161512 1
161615 1
161717 1
161819 1
161921 1
162023 1
162125 1
162227 1
162329 1
162431 1
162533 1
162635 1
162737 1
162839 1
162941 1
163043 1
163145 1
163247 1
163349 1
163451 1
163553 1
163655 1
163757 1
163859 1
163961 1
164063 1
164165 1
164267 1
164369 1
164471 1
164573 1
164675 1
164777 1
164879 1
164981 1
165084 1
165186 1
165288 1
165390 1
165492 1
165594 1
165696 1
165798 1
165900 1
166002 1
166104 1
166206 1
166308 1
166410 1
166512 1
166614 1
166716 1
166818 1
166920 1
167022 1
167124 1
167226 1
167328 1
167430 1
167532 1
167634 1
167736 1
167838 1
167940 1
168042 1
168144 1
168246 1
168348 1
168450 1
168552 1
168655 1
168757 1
168859 1
168961 1
169063 1
169165 1
169267 1
169369 1
169471 1
169573 1
169675 1
169777 1
169879 1
169981 1
170083 1
170185 1
170287 1
170389 1
170491 1
170593 1
170695 1
170797 1
170899 1
171001 1
171103 1
171205 1
171307 1
171409 1
171511 1
171613 1
171715 1
171817 1
171919 1
172021 1
172124 1
172226 1
172328 1
172430 1
172532 1
172634 1
172736 1
172838 1
172940 1
173042 1
173144 1
173246 1
173348 1
173450 1
173552 1
173654 1
173756 1
173858 1
173960 1
174062 1
174164 1
174266 1
174368 1
174470 1
174572 1
174674 1
174776 1
174878 1
174980 1
175082 1
175184 1
175286 1
175388 1
175490 1
175593 1
175695 1
175797 1
175899 1
176001 1
176103 1
176205 1
176307 1
176409 1
176511 1
176613 1
176715 1
176817 1
176919 1
177021 1
177123 1
177225 1
177327 1
177429 1
177531 1
177633 1
177735 1
177837 1
177939 1
178041 1
178143 1
178245 1
178347 1
178449 1
178551 1
178653 1
178755 1
178857 1
178959 1
179062 1
179164 1
179266 1
179368 1
179470 1
179572 1
179674 1
179776 1
179878 1
179980 1
180082 1
180184 1
180286 1
180388 1
180490 1
180592 1
180694 1
180796 1
180898 1
181000 1
181102 1
181204 1
181306 1
181408 1
181510 1
181612 1
181714 1
181816 1
181918 1
182020 1
182122 1
182224 1
182326 1
182428 1
182531 1
182633 1
182735 1
182837 1
182939 1
183041 1
183143 1
183245 1
183347 1
183449 1
183551 1
183653 1
183755 1
183857 1
183959 1
184061 1
184163 1
184265 1
184367 1
184469 1
184571 1
184673 1
184775 1
184877 1
184979 1
185081 1
185183 1
185285 1
185387 1
185489 1
185591 1
185693 1
185795 1
185897 1
186000 1
186102 1
186204 1
186306 1
186408 1
186510 1
186612 1
186714 1
186816 1
186918 1
187020 1
187122 1
187224 1
187326 1
187428 1
187530 1
187632 1
187734 1
187836 1
187938 1
188040 1
188142 1
188244 1
188346 1
188448 1
188550 1
188652 1
188754 1
188856 1
188958 1
189060 1
189162 1
189264 1
189366 1
189469 1
189571 1
189673 1
189775 1
189877 1
189979 1
190081 1
190183 1
190285 1
190387 1
190489 1
190591 1
190693 1
190795 1
190897 1
190999 1
191101 1
191203 1
191305 1
191407 1
191509 1
191611 1
191713 1
191815 1
191917 1
192019 1
192121 1
192223 1
192325 1
192427 1
192529 1
192631 1
192733 1
192835 1
192938 1
193040 1
193142 1
193244 1
193346 1
193448 1
193550 1
193652 1
193754 1
193856 1
193958 1
194060 1
194162 1
194264 1
194366 1
194468 1
194570 1
194672 1
194774 1
194876 1
194978 1
195080 1
195182 1
195284 1
195386 1
195488 1
195590 1
195692 1
195794 1
195896 1
195998 1
196100 1
196202 1
196304 1
196407 1
196509 1
196611 1
196713 1
196815 1
196917 1
197019 1
197121 1
197223 1
197325 1
197427 1
197529 1
197631 1
197733 1
197835 1
197937 1
198039 1
198141 1
198243 1
198345 1
198447 1
198549 1
198651 1
198753 1
198855 1
198957 1
199059 1
199161 1
199263 1
199365 1
199467 1
199569 1
199671 1
199773 1
199876 1
199978 1
200080 1
200182 1
200284 1
200386 1
200488 1
200590 1
200692 1
200794 1
200896 1
200998 1
201100 1
201202 1
201304 1
201406 1
201508 1
201610 1
201712 1
201814 1
201916 1
202018 1
202120 1
202222 1
202324 1
202426 1
202528 1
202630 1
202732 1
202834 1
202936 1
203038 1
203140 1
203242 1
203345 1
203447 1
203549 1
203651 1
203753 1
203855 1
203957 1
204059 1
204161 1
204263 1
204365 1
204467 1
204569 1
204671 1
204773 1
204875 1
204977 1
205079 1
205181 1
205283 1
205385 1
205487 1
205589 1
205691 1
205793 1
205895 1
205997 1
206099 1
206201 1
206303 1
206405 1
206507 1
206609 1
206711 1
206814 1
206916 1
207018 1
207120 1
207222 1
207324 1
207426 1
207528 1
207630 1
207732 1
207834 1
207936 1
208038 1
208140 1
208242 1
208344 1
208446 1
208548 1
208650 1
208752 1
208854 1
208956 1
209058 1
209160 1
209262 1
209364 1
209466 1
209568 1
209670 1
209772 1
209874 1
209976 1
210078 1
210180 1
210283 1
210385 1
210487 1
210589 1
210691 1
210793 1
210895 1
210997 1
211099 1
211201 1
211303 1
211405 1
211507 1
211609 1
211711 1
211813 1
211915 1
212017 1
212119 1
212221 1
212323 1
212425 1
212527 1
212629 1
212731 1
212833 1
212935 1
213037 1
213139 1
213241 1
213343 1
213445 1
213547 1
213649 1
213752 1
213854 1
213956 1
214058 1
214160 1
214262 1
214364 1
214466 1
214568 1
214670 1
214772 1
214874 1
214976 1
215078 1
215180 1
215282 1
215384 1
215486 1
215588 1
215690 1
215792 1
215894 1
215996 1
216098 1
216200 1
216302 1
216404 1
216506 1
216608 1
216710 1
216812 1
216914 1
217016 1
217118 1
217221 1
217323 1
217425 1
217527 1
217629 1
217731 1
217833 1
217935 1
218037 1
218139 1
218241 1
218343 1
218445 1
218547 1
218649 1
218751 1
218853 1
218955 1
219057 1
219159 1
219261 1
219363 1
219465 1
219567 1
219669 1
219771 1
219873 1
219975 1
220077 1
220179 1
220281 1
220383 1
220485 1
220587 1
220690 1
220792 1
220894 1
220996 1
221098 1
221200 1
221302 1
221404 1
221506 1
221608 1
221710 1
221812 1
221914 1
222016 1
222118 1
222220 1
222322 1
222424 1
222526 1
222628 1
222730 1
222832 1
222934 1
223036 1
223138 1
223240 1
223342 1
223444 1
223546 1
223648 1
223750 1
223852 1
223954 1
224056 1
224158 1
224261 1
224363 1
224465 1
224567 1
224669 1
224771 1
224873 1
224975 1
225077 1
225179 1
225281 1
225383 1
225485 1
225587 1
225689 1
225791 1
225893 1
225995 1
226097 1
226199 1
226301 1
226403 1
226505 1
226607 1
226709 1
226811 1
226913 1
227015 1
227117 1
227219 1
227321 1
227423 1
227525 1
227627 1
227730 1
227832 1
227934 1
228036 1
228138 1
228240 1
228342 1
228444 1
228546 1
228648 1
228750 1
228852 1
228954 1
229056 1
229158 1
229260 1
229362 1
229464 1
229566 1
229668 1
229770 1
229872 1
229974 1
230076 1
230178 1
230280 1
230382 1
230484 1
230586 1
230688 1
230790 1
230892 1
230994 1
231096 1
231199 1
231301 1
231403 1
231505 1
231607 1
231709 1
231811 1
231913 1
232015 1
232117 1
232219 1
232321 1
232423 1
232525 1
232627 1
232729 1
232831 1
232933 1
233035 1
233137 1
233239 1
233341 1
233443 1
233545 1
233647 1
233749 1
233851 1
233953 1
234055 1
234157 1
234259 1
234361 1
234463 1
234565 1
234668 1
234770 1
234872 1
234974 1
235076 1
235178 1
235280 1
235382 1
235484 1
235586 1
235688 1
235790 1
235892 1
235994 1
236096 1
236198 1
236300 1
236402 1
236504 1
236606 1
236708 1
236810 1
236912 1
237014 1
237116 1
237218 1
237320 1
237422 1
237524 1
237626 1
237728 1
237830 1
237932 1
238034 1
238137 1
238239 1
238341 1
238443 1
238545 1
238647 1
238749 1
238851 1
238953 1
239055 1
239157 1
239259 1
239361 1
239463 1
239565 1
239667 1
239769 1
239871 1
239973 1
240075 1
240177 1
240279 1
240381 1
240483 1
240585 1
240687 1
240789 1
240891 1
240993 1
241095 1
241197 1
241299 1
241401 1
241503 1
241606 1
241708 1
241810 1
241912 1
242014 1
242116 1
242218 1
242320 1
242422 1
242524 1
242626 1
242728 1
242830 1
242932 1
243034 1
243136 1
243238 1
243340 1
243442 1
243544 1
243646 1
243748 1
243850 1
243952 1
244054 1
244156 1
244258 1
244360 1
244462 1
244564 1
244666 1
244768 1
244870 1
244972 1
245075 1
245177 1
245279 1
245381 1
245483 1
245585 1
245687 1
245789 1
245891 1
245993 1
246095 1
246197 1
246299 1
246401 1
246503 1
246605 1
246707 1
246809 1
246911 1
247013 1
247115 1
247217 1
247319 1
247421 1
247523 1
247625 1
247727 1
247829 1
247931 1
248033 1
248135 1
248237 1
248339 1
248441 1
248544 1
248646 1
248748 1
248850 1
248952 1
249054 1
249156 1
249258 1
249360 1
249462 1
249564 1
249666 1
249768 1
249870 1
249972 1
250074 1
250176 1
250278 1
250380 1
250482 1
250584 1
250686 1
250788 1
250890 1
250992 1
251094 1
251196 1
251298 1
251400 1
251502 1
251604 1
251706 1
251808 1
251910 1
252013 1
252115 1
252217 1
252319 1
252421 1
252523 1
252625 1
252727 1
252829 1
252931 1
253033 1
253135 1
253237 1
253339 1
253441 1
253543 1
253645 1
253747 1
253849 1
253951 1
254053 1
254155 1
254257 1
254359 1
254461 1
254563 1
254665 1
254767 1
254869 1
254971 1
255073 1
255175 1
255277 1
255379 1
255482 1
255584 1
255686 1
255788 1
255890 1
255992 1
256094 1
256196 1
256298 1
256400 1
256502 1
256604 1
256706 1
256808 1
256910 1
257012 1
257114 1
257216 1
257318 1
257420 1
257522 1
257624 1
257726 1
257828 1
257930 1
258032 1
258134 1
258236 1
258338 1
258440 1
258542 1
258644 1
258746 1
258848 1
258951 1
259053 1
259155 1
259257 1
259359 1
259461 1
259563 1
259665 1
259767 1
259869 1
259971 1
260073 1
260175 1
260277 1
260379 1
260481 1
260583 1
260685 1
260787 1
260889 1
260991 1
261093 1
261195 1
261297 1
261399 1
261501 1
261603 1
261705 1
261807 1
261909 1
262011 1
262113 1
262215 1
262317 1
262420 1
262522 1
262624 1
262726 1
262828 1
262930 1
263032 1
263134 1
263236 1
263338 1
263440 1
263542 1
263644 1
263746 1
263848 1
263950 1
264052 1
264154 1
264256 1
264358 1
264460 1
264562 1
264664 1
264766 1
264868 1
264970 1
265072 1
265174 1
265276 1
265378 1
265480 1
265582 1
265684 1
265786 1
265889 1
265991 1
266093 1
266195 1
266297 1
266399 1
266501 1
266603 1
266705 1
266807 1
266909 1
267011 1
267113 1
267215 1
267317 1
267419 1
267521 1
267623 1
267725 1
267827 1
267929 1
268031 1
268133 1
268235 1
268337 1
268439 1
268541 1
268643 1
268745 1
268847 1
268949 1
269051 1
269153 1
269255 1
269358 1
269460 1
269562 1
269664 1
269766 1
269868 1
269970 1
270072 1
270174 1
270276 1
270378 1
270480 1
270582 1
270684 1
270786 1
270888 1
270990 1
271092 1
271194 1
271296 1
271398 1
271500 1
271602 1
271704 1
271806 1
271908 1
272010 1
272112 1
272214 1
272316 1
272418 1
272520 1
272622 1
272724 1
272827 1
272929 1
273031 1
273133 1
273235 1
273337 1
273439 1
273541 1
273643 1
273745 1
273847 1
273949 1
274051 1
274153 1
274255 1
274357 1
274459 1
274561 1
274663 1
274765 1
274867 1
274969 1
275071 1
275173 1
275275 1
275377 1
275479 1
275581 1
275683 1
275785 1
275887 1
275989 1
276091 1
276193 1
276296 1
276398 1
276500 1
276602 1
276704 1
276806 1
276908 1
277010 1
277112 1
277214 1
277316 1
277418 1
277520 1
277622 1
277724 1
277826 1
277928 1
278030 1
278132 1
278234 1
278336 1
278438 1
278540 1
278642 1
278744 1
278846 1
278948 1
279050 1
279152 1
279254 1
279356 1
279458 1
279560 1
279662 1
279764 1
279867 1
279969 1
280071 1
280173 1
280275 1
280377 1
280479 1
280581 1
280683 1
280785 1
280887 1
280989 1
281091 1
281193 1
281295 1
281397 1
281499 1
281601 1
281703 1
281805 1
281907 1
282009 1
282111 1
282213 1
282315 1
282417 1
282519 1
282621 1
282723 1
282825 1
282927 1
283029 1
283131 1
283233 1
283336 1
283438 1
283540 1
283642 1
283744 1
283846 1
283948 1
284050 1
284152 1
284254 1
284356 1
284458 1
284560 1
284662 1
284764 1
284866 1
284968 1
285070 1
285172 1
285274 1
285376 1
285478 1
285580 1
285682 1
285784 1
285886 1
285988 1
286090 1
286192 1
286294 1
286396 1
286498 1
286600 1
286702 1
286805 1
286907 1
287009 1
287111 1
287213 1
287315 1
287417 1
287519 1
287621 1
287723 1
287825 1
287927 1
288029 1
288131 1
288233 1
288335 1
288437 1
288539 1
288641 1
288743 1
288845 1
288947 1
289049 1
289151 1
289253 1
289355 1
289457 1
289559 1
289661 1
289763 1
289865 1
289967 1
290069 1
290171 1
290274 1
290376 1
290478 1
290580 1
290682 1
290784 1
290886 1
290988 1
291090 1
291192 1
291294 1
291396 1
291498 1
291600 1
291702 1
291804 1
291906 1
292008 1
292110 1
292212 1
292314 1
292416 1
292518 1
292620 1
292722 1
292824 1
292926 1
293028 1
293130 1
293232 1
293334 1
293436 1
293538 1
293640 1
293743 1
293845 1
293947 1
294049 1
294151 1
294253 1
294355 1
294457 1
294559 1
294661 1
294763 1
294865 1
294967 1
295069 1
295171 1
295273 1
295375 1
295477 1
295579 1
295681 1
295783 1
295885 1
295987 1
296089 1
296191 1
296293 1
296395 1
296497 1
296599 1
296701 1
296803 1
296905 1
297007 1
297109 1
297212 1
297314 1
297416 1
297518 1
297620 1
297722 1
297824 1
297926 1
298028 1
298130 1
298232 1
298334 1
298436 1
298538 1
298640 1
298742 1
298844 1
298946 1
299048 1
299150 1
299252 1
299354 1
299456 1
299558 1
299660 1
299762 1
299864 1
299966 1
300068 1
300170 1
300272 1
300374 1
300476 1
300578 1
300681 1
300783 1
300885 1
300987 1
301089 1
301191 1
301293 1
301395 1
301497 1
301599 1
301701 1
301803 1
301905 1
302007 1
302109 1
302211 1
302313 1
302415 1
302517 1
302619 1
302721 1
302823 1
302925 1
303027 1
303129 1
303231 1
303333 1
303435 1
303537 1
303639 1
303741 1
303843 1
303945 1
304047 1
304150 1
304252 1
304354 1
304456 1
304558 1
304660 1
304762 1
304864 1
304966 1
305068 1
305170 1
305272 1
305374 1
305476 1
305578 1
305680 1
305782 1
305884 1
305986 1
306088 1
306190 1
306292 1
306394 1
306496 1
306598 1
306700 1
306802 1
306904 1
307006 1
307108 1
307210 1
307312 1
307414 1
307516 1
307619 1
307721 1
307823 1
307925 1
308027 1
308129 1
308231 1
308333 1
308435 1
308537 1
308639 1
308741 1
308843 1
308945 1
309047 1
309149 1
309251 1
309353 1
309455 1
309557 1
309659 1
309761 1
309863 1
309965 1
310067 1
310169 1
310271 1
310373 1
310475 1
310577 1
310679 1
310781 1
310883 1
310985 1
311088 1
311190 1
311292 1
311394 1
311496 1
311598 1
311700 1
311802 1
311904 1
312006 1
312108 1
312210 1
312312 1
312414 1
312516 1
312618 1
312720 1
312822 1
312924 1
313026 1
313128 1
313230 1
313332 1
313434 1
313536 1
313638 1
313740 1
313842 1
313944 1
314046 1
314148 1
314250 1
314352 1
314454 1
314557 1
314659 1
314761 1
314863 1
314965 1
315067 1
315169 1
315271 1
315373 1
315475 1
315577 1
315679 1
315781 1
315883 1
315985 1
316087 1
316189 1
316291 1
316393 1
316495 1
316597 1
316699 1
316801 1
316903 1
317005 1
317107 1
317209 1
317311 1
317413 1
317515 1
317617 1
317719 1
317821 1
317923 1
318026 1
318128 1
318230 1
318332 1
318434 1
318536 1
318638 1
318740 1
318842 1
318944 1
319046 1
319148 1
319250 1
319352 1
319454 1
319556 1
319658 1
319760 1
319862 1
319964 1
320066 1
320168 1
320270 1
320372 1
320474 1
320576 1
320678 1
320780 1
320882 1
320984 1
321086 1
321188 1
321290 1
321392 1
321495 1
321597 1
321699 1
321801 1
321903 1
322005 1
322107 1
322209 1
322311 1
322413 1
322515 1
322617 1
322719 1
322821 1
322923 1
323025 1
323127 1
323229 1
323331 1
323433 1
323535 1
323637 1
323739 1
323841 1
323943 1
324045 1
324147 1
324249 1
324351 1
324453 1
324555 1
324657 1
324759 1
324861 1
324964 1
325066 1
325168 1
325270 1
325372 1
325474 1
325576 1
325678 1
325780 1
325882 1
325984 1
326086 1
326188 1
326290 1
326392 1
326494 1
326596 1
326698 1
326800 1
326902 1
327004 1
327106 1
327208 1
327310 1
327412 1
327514 1
327616 1
327718 1
327820 1
327922 1
328024 1
328126 1
328228 1
328330 1
328433 1
328535 1
328637 1
328739 1
328841 1
328943 1
329045 1
329147 1
329249 1
329351 1
329453 1
329555 1
329657 1
329759 1
329861 1
329963 1
330065 1
330167 1
330269 1
330371 1
330473 1
330575 1
330677 1
330779 1
330881 1
330983 1
331085 1
331187 1
331289 1
331391 1
331493 1
331595 1
331697 1
331799 1
331902 1
332004 1
332106 1
332208 1
332310 1
332412 1
332514 1
332616 1
332718 1
332820 1
332922 1
333024 1
333126 1
333228 1
333330 1
333432 1
333534 1
333636 1
333738 1
333840 1
333942 1
334044 1
334146 1
334248 1
334350 1
334452 1
334554 1
334656 1
334758 1
334860 1
334962 1
335064 1
335166 1
335268 1
335370 1
335473 1
335575 1
335677 1
335779 1
335881 1
335983 1
336085 1
336187 1
336289 1
336391 1
336493 1
336595 1
336697 1
336799 1
336901 1
337003 1
337105 1
337207 1
337309 1
337411 1
337513 1
337615 1
337717 1
337819 1
337921 1
338023 1
338125 1
338227 1
338329 1
338431 1
338533 1
338635 1
338737 1
338839 1
338942 1
339044 1
339146 1
339248 1
339350 1
339452 1
339554 1
339656 1
339758 1
339860 1
339962 1
340064 1
340166 1
340268 1
340370 1
340472 1
340574 1
340676 1
340778 1
340880 1
340982 1
341084 1
341186 1
341288 1
341390 1
341492 1
341594 1
341696 1
341798 1
341900 1
342002 1
342104 1
342206 1
342308 1
342411 1
342513 1
342615 1
342717 1
342819 1
342921 1
343023 1
343125 1
343227 1
343329 1
343431 1
343533 1
343635 1
343737 1
343839 1
343941 1
344043 1
344145 1
344247 1
344349 1
344451 1
344553 1
344655 1
344757 1
344859 1
344961 1
345063 1
345165 1
345267 1
345369 1
345471 1
345573 1
345675 1
345777 1
345880 1
345982 1
346084 1
346186 1
346288 1
346390 1
346492 1
346594 1
346696 1
346798 1
346900 1
347002 1
347104 1
347206 1
347308 1
347410 1
347512 1
347614 1
347716 1
347818 1
347920 1
348022 1
348124 1
348226 1
348328 1
348430 1
348532 1
348634 1
348736 1
348838 1
348940 1
349042 1
349144 1
349246 1
349349 1
349451 1
349553 1
349655 1
349757 1
349859 1
349961 1
350063 1
350165 1
350267 1
350369 1
350471 1
350573 1
350675 1
350777 1
350879 1
350981 1
351083 1
351185 1
351287 1
351389 1
351491 1
351593 1
351695 1
351797 1
351899 1
352001 1
352103 1
352205 1
352307 1
352409 1
352511 1
352613 1
352715 1
352818 1
352920 1
353022 1
353124 1
353226 1
353328 1
353430 1
353532 1
353634 1
353736 1
353838 1
353940 1
354042 1
354144 1
354246 1
354348 1
354450 1
354552 1
354654 1
354756 1
354858 1
354960 1
355062 1
355164 1
355266 1
355368 1
355470 1
355572 1
355674 1
355776 1
355878 1
355980 1
356082 1
356184 1
356287 1
356389 1
356491 1
356593 1
356695 1
356797 1
356899 1
357001 1
357103 1
357205 1
357307 1
357409 1
357511 1
357613 1
357715 1
357817 1
357919 1
358021 1
358123 1
358225 1
358327 1
358429 1
358531 1
358633 1
358735 1
358837 1
358939 1
359041 1
359143 1
359245 1
359347 1
359449 1
359551 1
359653 1
359756 1
359858 1
359960 1
360062 1
360164 1
360266 1
360368 1
360470 1
360572 1
360674 1
360776 1
360878 1
360980 1
361082 1
361184 1
361286 1
361388 1
361490 1
361592 1
361694 1
361796 1
361898 1
362000 1
362102 1
362204 1
362306 1
362408 1
362510 1
362612 1
362714 1
362816 1
362918 1
363020 1
363122 1
363225 1
363327 1
363429 1
363531 1
363633 1
363735 1
363837 1
363939 1
364041 1
364143 1
364245 1
364347 1
364449 1
364551 1
364653 1
364755 1
364857 1
364959 1
365061 1
365163 1
365265 1
365367 1
365469 1
365571 1
365673 1
365775 1
365877 1
365979 1
366081 1
366183 1
366285 1
366387 1
366489 1
366591 1
366694 1
366796 1
366898 1
367000 1
367102 1
367204 1
367306 1
367408 1
367510 1
367612 1
367714 1
367816 1
367918 1
368020 1
368122 1
368224 1
368326 1
368428 1
368530 1
368632 1
368734 1
368836 1
368938 1
369040 1
369142 1
369244 1
369346 1
369448 1
369550 1
369652 1
369754 1
369856 1
369958 1
370060 1
370163 1
370265 1
370367 1
370469 1
370571 1
370673 1
370775 1
370877 1
370979 1
371081 1
371183 1
371285 1
371387 1
371489 1
371591 1
371693 1
371795 1
371897 1
371999 1
372101 1
372203 1
372305 1
372407 1
372509 1
372611 1
372713 1
372815 1
372917 1
373019 1
373121 1
373223 1
373325 1
373427 1
373529 1
373632 1
373734 1
373836 1
373938 1
374040 1
374142 1
374244 1
374346 1
374448 1
374550 1
374652 1
374754 1
374856 1
374958 1
375060 1
375162 1
375264 1
375366 1
375468 1
375570 1
375672 1
375774 1
375876 1
375978 1
376080 1
376182 1
376284 1
376386 1
376488 1
376590 1
376692 1
376794 1
376896 1
376998 1
377101 1
377203 1
377305 1
377407 1
377509 1
377611 1
377713 1
377815 1
377917 1
378019 1
378121 1
378223 1
378325 1
378427 1
378529 1
378631 1
378733 1
378835 1
378937 1
379039 1
379141 1
379243 1
379345 1
379447 1
379549 1
379651 1
379753 1
379855 1
379957 1
380059 1
380161 1
380263 1
380365 1
380467 1
380570 1
380672 1
380774 1
380876 1
380978 1
381080 1
381182 1
381284 1
381386 1
381488 1
381590 1
381692 1
381794 1
381896 1
381998 1
382100 1
382202 1
382304 1
382406 1
382508 1
382610 1
382712 1
382814 1
382916 1
383018 1
383120 1
383222 1
383324 1
383426 1
383528 1
383630 1
383732 1
383834 1
383936 1
384039 1
384141 1
384243 1
384345 1
384447 1
384549 1
384651 1
384753 1
384855 1
384957 1
385059 1
385161 1
385263 1
385365 1
385467 1
385569 1
385671 1
385773 1
385875 1
385977 1
386079 1
386181 1
386283 1
386385 1
386487 1
386589 1
386691 1
386793 1
386895 1
386997 1
387099 1
387201 1
387303 1
387405 1
387508 1
387610 1
387712 1
387814 1
387916 1
388018 1
388120 1
388222 1
388324 1
388426 1
388528 1
388630 1
388732 1
388834 1
388936 1
389038 1
389140 1
389242 1
389344 1
389446 1
389548 1
389650 1
389752 1
389854 1
389956 1
390058 1
390160 1
390262 1
390364 1
390466 1
390568 1
390670 1
390772 1
390874 1
390976 1
391079 1
391181 1
391283 1
391385 1
391487 1
391589 1
391691 1
391793 1
391895 1
391997 1
392099 1
392201 1
392303 1
392405 1
392507 1
392609 1
392711 1
392813 1
392915 1
393017 1
393119 1
393221 1
393323 1
393425 1
393527 1
393629 1
393731 1
393833 1
393935 1
394037 1
394139 1
394241 1
394343 1
394445 1
394548 1
394650 1
394752 1
394854 1
394956 1
395058 1
395160 1
395262 1
395364 1
395466 1
395568 1
395670 1
395772 1
395874 1
395976 1
396078 1
396180 1
396282 1
396384 1
396486 1
396588 1
396690 1
396792 1
396894 1
396996 1
397098 1
397200 1
397302 1
397404 1
397506 1
397608 1
397710 1
397812 1
397914 1
398017 1
398119 1
398221 1
398323 1
398425 1
398527 1
398629 1
398731 1
398833 1
398935 1
399037 1
399139 1
399241 1
399343 1
399445 1
399547 1
399649 1
399751 1
399853 1
399955 1
400057 1
400159 1
400261 1
400363 1
400465 1
400567 1
400669 1
400771 1
400873 1
400975 1
401077 1
401179 1
401281 1
401383 1
401486 1
401588 1
401690 1
401792 1
401894 1
401996 1
402098 1
402200 1
402302 1
402404 1
402506 1
402608 1
402710 1
402812 1
402914 1
403016 1
403118 1
403220 1
403322 1
403424 1
403526 1
403628 1
403730 1
403832 1
403934 1
404036 1
404138 1
404240 1
404342 1
404444 1
404546 1
404648 1
404750 1
404852 1
404955 1
405057 1
405159 1
405261 1
405363 1
405465 1
405567 1
405669 1
405771 1
405873 1
405975 1
406077 1
406179 1
406281 1
406383 1
406485 1
406587 1
406689 1
406791 1
406893 1
406995 1
407097 1
407199 1
407301 1
407403 1
407505 1
407607 1
407709 1
407811 1
407913 1
408015 1
408117 1
408219 1
408321 1
408424 1
408526 1
408628 1
408730 1
408832 1
408934 1
409036 1
409138 1
409240 1
409342 1
409444 1
409546 1
409648 1
409750 1
409852 1
409954 1
410056 1
410158 1
410260 1
410362 1
410464 1
410566 1
410668 1
410770 1
410872 1
410974 1
411076 1
411178 1
411280 1
411382 1
411484 1
411586 1
411688 1
411790 1
411893 1
411995 1
412097 1
412199 1
412301 1
412403 1
412505 1
412607 1
412709 1
412811 1
412913 1
413015 1
413117 1
413219 1
413321 1
413423 1
413525 1
413627 1
413729 1
413831 1
413933 1
414035 1
414137 1
414239 1
414341 1
414443 1
414545 1
414647 1
414749 1
414851 1
414953 1
415055 1
415157 1
415259 1
415362 1
415464 1
415566 1
415668 1
415770 1
415872 1
415974 1
416076 1
416178 1
416280 1
416382 1
416484 1
416586 1
416688 1
416790 1
416892 1
416994 1
417096 1
417198 1
417300 1
417402 1
417504 1
417606 1
417708 1
417810 1
417912 1
418014 1
418116 1
418218 1
418320 1
418422 1
418524 1
418626 1
418728 1
418831 1
418933 1
419035 1
419137 1
419239 1
419341 1
419443 1
419545 1
419647 1
419749 1
419851 1
419953 1
420055 1
420157 1
420259 1
420361 1
420463 1
420565 1
420667 1
420769 1
420871 1
420973 1
421075 1
421177 1
421279 1
421381 1
421483 1
421585 1
421687 1
421789 1
421891 1
421993 1
422095 1
422197 1
422300 1
422402 1
422504 1
422606 1
422708 1
422810 1
422912 1
423014 1
423116 1
423218 1
423320 1
423422 1
423524 1
423626 1
423728 1
423830 1
423932 1
424034 1
424136 1
424238 1
424340 1
424442 1
424544 1
424646 1
424748 1
424850 1
424952 1
425054 1
425156 1
425258 1
425360 1
425462 1
425564 1
425666 1
425769 1
425871 1
425973 1
426075 1
426177 1
426279 1
426381 1
426483 1
426585 1
426687 1
426789 1
426891 1
426993 1
427095 1
427197 1
427299 1
427401 1
427503 1
427605 1
427707 1
427809 1
427911 1
428013 1
428115 1
428217 1
428319 1
428421 1
428523 1
428625 1
428727 1
428829 1
428931 1
429033 1
429135 1
429238 1
429340 1
429442 1
429544 1
429646 1
429748 1
429850 1
429952 1
430054 1
430156 1
430258 1
430360 1
430462 1
430564 1
430666 1
430768 1
430870 1
430972 1
431074 1
431176 1
431278 1
431380 1
431482 1
431584 1
431686 1
431788 1
431890 1
431992 1
432094 1
432196 1
432298 1
432400 1
432502 1
432604 1
432707 1
432809 1
432911 1
433013 1
433115 1
433217 1
433319 1
433421 1
433523 1
433625 1
433727 1
433829 1
433931 1
434033 1
434135 1
434237 1
434339 1
434441 1
434543 1
434645 1
434747 1
434849 1
434951 1
435053 1
435155 1
435257 1
435359 1
435461 1
435563 1
435665 1
435767 1
435869 1
435971 1
436073 1
436176 1
436278 1
436380 1
436482 1
436584 1
436686 1
436788 1
436890 1
436992 1
437094 1
437196 1
437298 1
437400 1
437502 1
437604 1
437706 1
437808 1
437910 1
438012 1
438114 1
438216 1
438318 1
438420 1
438522 1
438624 1
438726 1
438828 1
438930 1
439032 1
439134 1
439236 1
439338 1
439440 1
439542 1
439645 1
439747 1
439849 1
439951 1
440053 1
440155 1
440257 1
440359 1
440461 1
440563 1
440665 1
440767 1
440869 1
440971 1
441073 1
441175 1
441277 1
441379 1
441481 1
441583 1
441685 1
441787 1
441889 1
441991 1
442093 1
442195 1
442297 1
442399 1
442501 1
442603 1
442705 1
442807 1
442909 1
443011 1
443114 1
443216 1
443318 1
443420 1
443522 1
443624 1
443726 1
443828 1
443930 1
444032 1
444134 1
444236 1
444338 1
444440 1
444542 1
444644 1
444746 1
444848 1
444950 1
445052 1
445154 1
445256 1
445358 1
445460 1
445562 1
445664 1
445766 1
445868 1
445970 1
446072 1
446174 1
446276 1
446378 1
446480 1
446582 1
446685 1
446787 1
446889 1
446991 1
447093 1
447195 1
447297 1
447399 1
447501 1
447603 1
447705 1
447807 1
447909 1
448011 1
448113 1
448215 1
448317 1
448419 1
448521 1
448623 1
448725 1
448827 1
448929 1
449031 1
449133 1
449235 1
449337 1
449439 1
449541 1
449643 1
449745 1
449847 1
449949 1
450051 1
450154 1
450256 1
450358 1
450460 1
450562 1
450664 1
450766 1
450868 1
450970 1
451072 1
451174 1
451276 1
451378 1
451480 1
451582 1
451684 1
451786 1
451888 1
451990 1
452092 1
452194 1
452296 1
452398 1
452500 1
452602 1
452704 1
452806 1
452908 1
453010 1
453112 1
453214 1
453316 1
453418 1
453520 1
453623 1
453725 1
453827 1
453929 1
454031 1
454133 1
454235 1
454337 1
454439 1
454541 1
454643 1
454745 1
454847 1
454949 1
455051 1
455153 1
455255 1
455357 1
455459 1
455561 1
455663 1
455765 1
455867 1
455969 1
456071 1
456173 1
456275 1
456377 1
456479 1
456581 1
456683 1
456785 1
456887 1
456989 1
457092 1
457194 1
457296 1
457398 1
457500 1
457602 1
457704 1
457806 1
457908 1
458010 1
458112 1
458214 1
458316 1
458418 1
458520 1
458622 1
458724 1
458826 1
458928 1
459030 1
459132 1
459234 1
459336 1
459438 1
459540 1
459642 1
459744 1
459846 1
459948 1
460050 1
460152 1
460254 1
460356 1
460458 1
460561 1
460663 1
460765 1
460867 1
460969 1
461071 1
461173 1
461275 1
461377 1
461479 1
461581 1
461683 1
461785 1
461887 1
461989 1
462091 1
462193 1
462295 1
462397 1
462499 1
462601 1
462703 1
462805 1
462907 1
463009 1
463111 1
463213 1
463315 1
463417 1
463519 1
463621 1
463723 1
463825 1
463927 1
464030 1
464132 1
464234 1
464336 1
464438 1
464540 1
464642 1
464744 1
464846 1
464948 1
465050 1
465152 1
465254 1
465356 1
465458 1
465560 1
465662 1
465764 1
465866 1
465968 1
466070 1
466172 1
466274 1
466376 1
466478 1
466580 1
466682 1
466784 1
466886 1
466988 1
467090 1
467192 1
467294 1
467396 1
467499 1
467601 1
467703 1
467805 1
467907 1
468009 1
468111 1
468213 1
468315 1
468417 1
468519 1
468621 1
468723 1
468825 1
468927 1
469029 1
469131 1
469233 1
469335 1
469437 1
469539 1
469641 1
469743 1
469845 1
469947 1
470049 1
470151 1
470253 1
470355 1
470457 1
470559 1
470661 1
470763 1
470865 1
470968 1
471070 1
471172 1
471274 1
471376 1
471478 1
471580 1
471682 1
471784 1
471886 1
471988 1
472090 1
472192 1
472294 1
472396 1
472498 1
472600 1
472702 1
472804 1
472906 1
473008 1
473110 1
473212 1
473314 1
473416 1
473518 1
473620 1
473722 1
473824 1
473926 1
474028 1
474130 1
474232 1
474334 1
474437 1
474539 1
474641 1
474743 1
474845 1
474947 1
475049 1
475151 1
475253 1
475355 1
475457 1
475559 1
475661 1
475763 1
475865 1
475967 1
476069 1
476171 1
476273 1
476375 1
476477 1
476579 1
476681 1
476783 1
476885 1
476987 1
477089 1
477191 1
477293 1
477395 1
477497 1
477599 1
477701 1
477803 1
477906 1
478008 1
478110 1
478212 1
478314 1
478416 1
478518 1
478620 1
478722 1
478824 1
478926 1
479028 1
479130 1
479232 1
479334 1
479436 1
479538 1
479640 1
479742 1
479844 1
479946 1
480048 1
480150 1
480252 1
480354 1
480456 1
480558 1
480660 1
480762 1
480864 1
480966 1
481068 1
481170 1
481272 1
481375 1
481477 1
481579 1
481681 1
481783 1
481885 1
481987 1
482089 1
482191 1
482293 1
482395 1
482497 1
482599 1
482701 1
482803 1
482905 1
483007 1
483109 1
483211 1
483313 1
483415 1
483517 1
483619 1
483721 1
483823 1
483925 1
484027 1
484129 1
484231 1
484333 1
484435 1
484537 1
484639 1
484741 1
484844 1
484946 1
485048 1
485150 1
485252 1
485354 1
485456 1
485558 1
485660 1
485762 1
485864 1
485966 1
486068 1
486170 1
486272 1
486374 1
486476 1
486578 1
486680 1
486782 1
486884 1
486986 1
487088 1
487190 1
487292 1
487394 1
487496 1
487598 1
487700 1
487802 1
487904 1
488006 1
488108 1
488210 1
488313 1
488415 1
488517 1
488619 1
488721 1
488823 1
488925 1
489027 1
489129 1
489231 1
489333 1
489435 1
489537 1
489639 1
489741 1
489843 1
489945 1
490047 1
490149 1
490251 1
490353 1
490455 1
490557 1
490659 1
490761 1
490863 1
490965 1
491067 1
491169 1
491271 1
491373 1
491475 1
491577 1
491679 1
491782 1
491884 1
491986 1
492088 1
492190 1
492292 1
492394 1
492496 1
492598 1
492700 1
492802 1
492904 1
493006 1
493108 1
493210 1
493312 1
493414 1
493516 1
493618 1
493720 1
493822 1
493924 1
494026 1
494128 1
494230 1
494332 1
494434 1
494536 1
494638 1
494740 1
494842 1
494944 1
495046 1
495148 1
495251 1
495353 1
495455 1
495557 1
495659 1
495761 1
495863 1
495965 1
496067 1
496169 1
496271 1
496373 1
496475 1
496577 1
496679 1
496781 1
496883 1
496985 1
497087 1
497189 1
497291 1
497393 1
497495 1
497597 1
497699 1
497801 1
497903 1
498005 1
498107 1
498209 1
498311 1
498413 1
498515 1
498617 1
498720 1
498822 1
498924 1
499026 1
499128 1
499230 1
499332 1
499434 1
499536 1
499638 1
499740 1
499842 1
499944 1
500046 1
500148 1
500250 1
500352 1
500454 1
500556 1
500658 1
500760 1
500862 1
500964 1
501066 1
501168 1
501270 1
501372 1
501474 1
501576 1
501678 1
501780 1
501882 1
501984 1
502086 1
502188 1
502291 1
502393 1
502495 1
502597 1
502699 1
502801 1
502903 1
503005 1
503107 1
503209 1
503311 1
503413 1
503515 1
503617 1
503719 1
503821 1
503923 1
504025 1
504127 1
504229 1
504331 1
504433 1
504535 1
504637 1
504739 1
504841 1
504943 1
505045 1
505147 1
505249 1
505351 1
505453 1
505555 1
505657 1
505760 1
505862 1
505964 1
506066 1
506168 1
506270 1
506372 1
506474 1
506576 1
506678 1
506780 1
506882 1
506984 1
507086 1
507188 1
507290 1
507392 1
507494 1
507596 1
507698 1
507800 1
507902 1
508004 1
508106 1
508208 1
508310 1
508412 1
508514 1
508616 1
508718 1
508820 1
508922 1
509024 1
509126 1
509229 1
509331 1
509433 1
509535 1
509637 1
509739 1
509841 1
509943 1
510045 1
510147 1
510249 1
510351 1
510453 1
510555 1
510657 1
510759 1
510861 1
510963 1
511065 1
511167 1
511269 1
511371 1
511473 1
511575 1
511677 1
511779 1
511881 1
511983 1
512085 1
512187 1
512289 1
512391 1
512493 1
512595 1
512698 1
512800 1
512902 1
513004 1
513106 1
513208 1
513310 1
513412 1
513514 1
513616 1
513718 1
513820 1
513922 1
514024 1
514126 1
514228 1
514330 1
514432 1
514534 1
514636 1
514738 1
514840 1
514942 1
515044 1
515146 1
515248 1
515350 1
515452 1
515554 1
515656 1
515758 1
515860 1
515962 1
516064 1
516167 1
516269 1
516371 1
516473 1
516575 1
516677 1
516779 1
516881 1
516983 1
517085 1
517187 1
517289 1
517391 1
517493 1
517595 1
517697 1
517799 1
517901 1
518003 1
518105 1
518207 1
518309 1
518411 1
518513 1
518615 1
518717 1
518819 1
518921 1
519023 1
519125 1
519227 1
519329 1
519431 1
519533 1
519636 1
519738 1
519840 1
519942 1
520044 1
520146 1
520248 1
520350 1
520452 1
520554 1
520656 1
520758 1
520860 1
520962 1
521064 1
521166 1
521268 1
521370 1
521472 1
521574 1
521676 1
521778 1
521880 1
521982 1
522084 1
522186 1
522288 1
522390 1
522492 1
522594 1
522696 1
522798 1
522900 1
523002 1
523105 1
523207 1
523309 1
523411 1
523513 1
523615 1
523717 1
523819 1
523921 1
524023 1
524125 1
524227 1
524329 1
524431 1
524533 1
524635 1
524737 1
524839 1
524941 1
525043 1
525145 1
525247 1
525349 1
525451 1
525553 1
525655 1
525757 1
525859 1
525961 1
526063 1
526165 1
526267 1
526369 1
526471 1
526574 1
526676 1
526778 1
526880 1
526982 1
527084 1
527186 1
527288 1
527390 1
527492 1
527594 1
527696 1
527798 1
527900 1
528002 1
528104 1
528206 1
528308 1
528410 1
528512 1
528614 1
528716 1
528818 1
528920 1
529022 1
529124 1
529226 1
529328 1
529430 1
529532 1
529634 1
529736 1
529838 1
529940 1
530043 1
530145 1
530247 1
530349 1
530451 1
530553 1
530655 1
530757 1
530859 1
530961 1
531063 1
531165 1
531267 1
531369 1
531471 1
531573 1
531675 1
531777 1
531879 1
531981 1
532083 1
532185 1
532287 1
532389 1
532491 1
532593 1
532695 1
532797 1
532899 1
533001 1
533103 1
533205 1
533307 1
533409 1
533512 1
533614 1
533716 1
533818 1
533920 1
534022 1
534124 1
534226 1
534328 1
534430 1
534532 1
534634 1
534736 1
534838 1
534940 1
535042 1
535144 1
535246 1
535348 1
535450 1
535552 1
535654 1
535756 1
535858 1
535960 1
536062 1
536164 1
536266 1
536368 1
536470 1
536572 1
536674 1
536776 1
536878 1
536981 1
537083 1
537185 1
537287 1
537389 1
537491 1
537593 1
537695 1
537797 1
537899 1
538001 1
538103 1
538205 1
538307 1
538409 1
538511 1
538613 1
538715 1
538817 1
538919 1
539021 1
539123 1
539225 1
539327 1
539429 1
539531 1
539633 1
539735 1
539837 1
539939 1
540041 1
540143 1
540245 1
540347 1
540450 1
540552 1
540654 1
540756 1
540858 1
540960 1
541062 1
541164 1
541266 1
541368 1
541470 1
541572 1
541674 1
541776 1
541878 1
541980 1
542082 1
542184 1
542286 1
542388 1
542490 1
542592 1
542694 1
542796 1
542898 1
543000 1
543102 1
543204 1
543306 1
543408 1
543510 1
543612 1
543714 1
543816 1
543919 1
544021 1
544123 1
544225 1
544327 1
544429 1
544531 1
544633 1
544735 1
544837 1
544939 1
545041 1
545143 1
545245 1
545347 1
545449 1
545551 1
545653 1
545755 1
545857 1
545959 1
546061 1
546163 1
546265 1
546367 1
546469 1
546571 1
546673 1
546775 1
546877 1
546979 1
547081 1
547183 1
547285 1
547388 1
547490 1
547592 1
547694 1
547796 1
547898 1
548000 1
548102 1
548204 1
548306 1
548408 1
548510 1
548612 1
548714 1
548816 1
548918 1
549020 1
549122 1
549224 1
549326 1
549428 1
549530 1
549632 1
549734 1
549836 1
549938 1
550040 1
550142 1
550244 1
550346 1
550448 1
550550 1
550652 1
550754 1
550857 1
550959 1
551061 1
551163 1
551265 1
551367 1
551469 1
551571 1
551673 1
551775 1
551877 1
551979 1
552081 1
552183 1
552285 1
552387 1
552489 1
552591 1
552693 1
552795 1
552897 1
552999 1
553101 1
553203 1
553305 1
553407 1
553509 1
553611 1
553713 1
553815 1
553917 1
554019 1
554121 1
554223 1
554326 1
554428 1
554530 1
554632 1
554734 1
554836 1
554938 1
555040 1
555142 1
555244 1
555346 1
555448 1
555550 1
555652 1
555754 1
555856 1
555958 1
556060 1
556162 1
556264 1
556366 1
556468 1
556570 1
556672 1
556774 1
556876 1
556978 1
557080 1
557182 1
557284 1
557386 1
557488 1
557590 1
557692 1
557794 1
557897 1
557999 1
558101 1
558203 1
558305 1
558407 1
558509 1
558611 1
558713 1
558815 1
558917 1
559019 1
559121 1
559223 1
559325 1
559427 1
559529 1
559631 1
559733 1
559835 1
559937 1
560039 1
560141 1
560243 1
560345 1
560447 1
560549 1
560651 1
560753 1
560855 1
560957 1
561059 1
561161 1
561263 1
561366 1
561468 1
561570 1
561672 1
561774 1
561876 1
561978 1
562080 1
562182 1
562284 1
562386 1
562488 1
562590 1
562692 1
562794 1
562896 1
562998 1
563100 1
563202 1
563304 1
563406 1
563508 1
563610 1
563712 1
563814 1
563916 1
564018 1
564120 1
564222 1
564324 1
564426 1
564528 1
564630 1
564732 1
564835 1
564937 1
565039 1
565141 1
565243 1
565345 1
565447 1
565549 1
565651 1
565753 1
565855 1
565957 1
566059 1
566161 1
566263 1
566365 1
566467 1
566569 1
566671 1
566773 1
566875 1
566977 1
567079 1
567181 1
567283 1
567385 1
567487 1
567589 1
567691 1
567793 1
567895 1
567997 1
568099 1
568201 1
568304 1
568406 1
568508 1
568610 1
568712 1
568814 1
568916 1
569018 1
569120 1
569222 1
569324 1
569426 1
569528 1
569630 1
569732 1
569834 1
569936 1
570038 1
570140 1
570242 1
570344 1
570446 1
570548 1
570650 1
570752 1
570854 1
570956 1
571058 1
571160 1
571262 1
571364 1
571466 1
571568 1
571670 1
571773 1
571875 1
571977 1
572079 1
572181 1
572283 1
572385 1
572487 1
572589 1
572691 1
572793 1
572895 1
572997 1
573099 1
573201 1
573303 1
573405 1
573507 1
573609 1
573711 1
573813 1
573915 1
574017 1
574119 1
574221 1
574323 1
574425 1
574527 1
574629 1
574731 1
574833 1
574935 1
575037 1
575139 1
575242 1
575344 1
575446 1
575548 1
575650 1
575752 1
575854 1
575956 1
576058 1
576160 1
576262 1
576364 1
576466 1
576568 1
576670 1
576772 1
576874 1
576976 1
577078 1
577180 1
577282 1
577384 1
577486 1
577588 1
577690 1
577792 1
577894 1
577996 1
578098 1
578200 1
578302 1
578404 1
578506 1
578608 1
578711 1
578813 1
578915 1
579017 1
579119 1
579221 1
579323 1
579425 1
579527 1
579629 1
579731 1
579833 1
579935 1
580037 1
580139 1
580241 1
580343 1
580445 1
580547 1
580649 1
580751 1
580853 1
580955 1
581057 1
581159 1
581261 1
581363 1
581465 1
581567 1
581669 1
581771 1
581873 1
581975 1
582077 1
582180 1
582282 1
582384 1
582486 1
582588 1
582690 1
582792 1
582894 1
582996 1
583098 1
583200 1
583302 1
583404 1
583506 1
583608 1
583710 1
583812 1
583914 1
584016 1
584118 1
584220 1
584322 1
584424 1
584526 1
584628 1
584730 1
584832 1
584934 1
585036 1
585138 1
585240 1
585342 1
585444 1
585546 1
585649 1
585751 1
585853 1
585955 1
586057 1
586159 1
586261 1
586363 1
586465 1
586567 1
586669 1
586771 1
586873 1
586975 1
587077 1
587179 1
587281 1
587383 1
587485 1
587587 1
587689 1
587791 1
587893 1
587995 1
588097 1
588199 1
588301 1
588403 1
588505 1
588607 1
588709 1
588811 1
588913 1
589015 1
589118 1
589220 1
589322 1
589424 1
589526 1
589628 1
589730 1
589832 1
589934 1
590036 1
590138 1
590240 1
590342 1
590444 1
590546 1
590648 1
590750 1
590852 1
590954 1
591056 1
591158 1
591260 1
591362 1
591464 1
591566 1
591668 1
591770 1
591872 1
591974 1
592076 1
592178 1
592280 1
592382 1
592484 1
592587 1
592689 1
592791 1
592893 1
592995 1
593097 1
593199 1
593301 1
593403 1
593505 1
593607 1
593709 1
593811 1
593913 1
594015 1
594117 1
594219 1
594321 1
594423 1
594525 1
594627 1
594729 1
594831 1
594933 1
595035 1
595137 1
595239 1
595341 1
595443 1
595545 1
595647 1
595749 1
595851 1
595953 1
596056 1
596158 1
596260 1
596362 1
596464 1
596566 1
596668 1
596770 1
596872 1
596974 1
597076 1
597178 1
597280 1
597382 1
597484 1
597586 1
597688 1
597790 1
597892 1
597994 1
598096 1
598198 1
598300 1
598402 1
598504 1
598606 1
598708 1
598810 1
598912 1
599014 1
599116 1
599218 1
599320 1
599422 1
599525 1
599627 1
599729 1
599831 1
599933 1
600035 1
600137 1
600239 1
600341 1
600443 1
600545 1
600647 1
600749 1
600851 1
600953 1
601055 1
601157 1
601259 1
601361 1
601463 1
601565 1
601667 1
601769 1
601871 1
601973 1
602075 1
602177 1
602279 1
602381 1
602483 1
602585 1
602687 1
602789 1
602891 1
602994 1
603096 1
603198 1
603300 1
603402 1
603504 1
603606 1
603708 1
603810 1
603912 1
604014 1
604116 1
604218 1
604320 1
604422 1
604524 1
604626 1
604728 1
604830 1
604932 1
605034 1
605136 1
605238 1
605340 1
605442 1
605544 1
605646 1
605748 1
605850 1
605952 1
606054 1
606156 1
606258 1
606360 1
606463 1
606565 1
606667 1
606769 1
606871 1
606973 1
607075 1
607177 1
607279 1
607381 1
607483 1
607585 1
607687 1
607789 1
607891 1
607993 1
608095 1
608197 1
608299 1
608401 1
608503 1
608605 1
608707 1
608809 1
608911 1
609013 1
609115 1
609217 1
609319 1
609421 1
609523 1
609625 1
609727 1
609829 1
609932 1
610034 1
610136 1
610238 1
610340 1
610442 1
610544 1
610646 1
610748 1
610850 1
610952 1
611054 1
611156 1
611258 1
611360 1
611462 1
611564 1
611666 1
611768 1
611870 1
611972 1
612074 1
612176 1
612278 1
612380 1
612482 1
612584 1
612686 1
612788 1
612890 1
612992 1
613094 1
613196 1
613298 1
613401 1
613503 1
613605 1
613707 1
613809 1
613911 1
614013 1
614115 1
614217 1
614319 1
614421 1
614523 1
614625 1
614727 1
614829 1
614931 1
615033 1
615135 1
615237 1
615339 1
615441 1
615543 1
615645 1
615747 1
615849 1
615951 1
616053 1
616155 1
616257 1
616359 1
616461 1
616563 1
616665 1
616767 1
616869 1
616972 1
617074 1
617176 1
617278 1
617380 1
617482 1
617584 1
617686 1
617788 1
617890 1
617992 1
618094 1
618196 1
618298 1
618400 1
618502 1
618604 1
618706 1
618808 1
618910 1
619012 1
619114 1
619216 1
619318 1
619420 1
619522 1
619624 1
619726 1
619828 1
619930 1
620032 1
620134 1
620236 1
620338 1
620441 1
620543 1
620645 1
620747 1
620849 1
620951 1
621053 1
621155 1
621257 1
621359 1
621461 1
621563 1
621665 1
621767 1
621869 1
621971 1
622073 1
622175 1
622277 1
622379 1
622481 1
622583 1
622685 1
622787 1
622889 1
622991 1
623093 1
623195 1
623297 1
623399 1
623501 1
623603 1
623705 1
623807 1
623910 1
624012 1
624114 1
624216 1
624318 1
624420 1
624522 1
624624 1
624726 1
624828 1
624930 1
625032 1
625134 1
625236 1
625338 1
625440 1
625542 1
625644 1
625746 1
625848 1
625950 1
626052 1
626154 1
626256 1
626358 1
626460 1
626562 1
626664 1
626766 1
626868 1
626970 1
627072 1
627174 1
627276 1
627379 1
627481 1
627583 1
627685 1
627787 1
627889 1
627991 1
628093 1
628195 1
628297 1
628399 1
628501 1
628603 1
628705 1
628807 1
628909 1
629011 1
629113 1
629215 1
629317 1
629419 1
629521 1
629623 1
629725 1
629827 1
629929 1
630031 1
630133 1
630235 1
630337 1
630439 1
630541 1
630643 1
630745 1
630848 1
630950 1
631052 1
631154 1
631256 1
631358 1
631460 1
631562 1
631664 1
631766 1
631868 1
631970 1
632072 1
632174 1
632276 1
632378 1
632480 1
632582 1
632684 1
632786 1
632888 1
632990 1
633092 1
633194 1
633296 1
633398 1
633500 1
633602 1
633704 1
633806 1
633908 1
634010 1
634112 1
634214 1
634317 1
634419 1
634521 1
634623 1
634725 1
634827 1
634929 1
635031 1
635133 1
635235 1
635337 1
635439 1
635541 1
635643 1
635745 1
635847 1
635949 1
636051 1
636153 1
636255 1
636357 1
636459 1
636561 1
636663 1
636765 1
636867 1
636969 1
637071 1
637173 1
637275 1
637377 1
637479 1
637581 1
637683 1
637786 1
637888 1
637990 1
638092 1
638194 1
638296 1
638398 1
638500 1
638602 1
638704 1
638806 1
638908 1
639010 1
639112 1
639214 1
639316 1
639418 1
639520 1
639622 1
639724 1
639826 1
639928 1
640030 1
640132 1
640234 1
640336 1
640438 1
640540 1
640642 1
640744 1
640846 1
640948 1
641050 1
641152 1
641255 1
641357 1
641459 1
641561 1
641663 1
641765 1
641867 1
641969 1
642071 1
642173 1
642275 1
642377 1
642479 1
642581 1
642683 1
642785 1
642887 1
642989 1
643091 1
643193 1
643295 1
643397 1
643499 1
643601 1
643703 1
643805 1
643907 1
644009 1
644111 1
644213 1
644315 1
644417 1
644519 1
644621 1
644724 1
644826 1
644928 1
645030 1
645132 1
645234 1
645336 1
645438 1
645540 1
645642 1
645744 1
645846 1
645948 1
646050 1
646152 1
646254 1
646356 1
646458 1
646560 1
646662 1
646764 1
646866 1
646968 1
647070 1
647172 1
647274 1
647376 1
647478 1
647580 1
647682 1
647784 1
647886 1
647988 1
648090 1
648193 1
648295 1
648397 1
648499 1
648601 1
648703 1
648805 1
648907 1
649009 1
649111 1
649213 1
649315 1
649417 1
649519 1
649621 1
649723 1
649825 1
649927 1
650029 1
650131 1
650233 1
650335 1
650437 1
650539 1
650641 1
650743 1
650845 1
650947 1
651049 1
651151 1
651253 1
651355 1
651457 1
651559 1
651662 1
651764 1
651866 1
651968 1
652070 1
652172 1
652274 1
652376 1
652478 1
652580 1
652682 1
652784 1
652886 1
652988 1
653090 1
653192 1
653294 1
653396 1
653498 1
653600 1
653702 1
653804 1
653906 1
654008 1
654110 1
654212 1
654314 1
654416 1
654518 1
654620 1
654722 1
654824 1
654926 1
655028 1
655131 1
655233 1
655335 1
655437 1
655539 1
655641 1
655743 1
655845 1
655947 1
656049 1
656151 1
656253 1
656355 1
656457 1
656559 1
656661 1
656763 1
656865 1
656967 1
657069 1
657171 1
657273 1
657375 1
657477 1
657579 1
657681 1
657783 1
657885 1
657987 1
658089 1
658191 1
658293 1
658395 1
658497 1
658600 1
658702 1
658804 1
658906 1
659008 1
659110 1
659212 1
659314 1
659416 1
659518 1
659620 1
659722 1
659824 1
659926 1
660028 1
660130 1
660232 1
660334 1
660436 1
660538 1
660640 1
660742 1
660844 1
660946 1
661048 1
661150 1
661252 1
661354 1
661456 1
661558 1
661660 1
661762 1
661864 1
661966 1
662069 1
662171 1
662273 1
662375 1
662477 1
662579 1
662681 1
662783 1
662885 1
662987 1
663089 1
663191 1
663293 1
663395 1
663497 1
663599 1
663701 1
663803 1
663905 1
664007 1
664109 1
664211 1
664313 1
664415 1
664517 1
664619 1
664721 1
664823 1
664925 1
665027 1
665129 1
665231 1
665333 1
665435 1
665538 1
665640 1
665742 1
665844 1
665946 1
666048 1
666150 1
666252 1
666354 1
666456 1
666558 1
666660 1
666762 1
666864 1
666966 1
667068 1
667170 1
667272 1
667374 1
667476 1
667578 1
667680 1
667782 1
667884 1
667986 1
668088 1
668190 1
668292 1
668394 1
668496 1
668598 1
668700 1
668802 1
668904 1
669007 1
669109 1
669211 1
669313 1
669415 1
669517 1
669619 1
669721 1
669823 1
669925 1
670027 1
670129 1
670231 1
670333 1
670435 1
670537 1
670639 1
670741 1
670843 1
670945 1
671047 1
671149 1
671251 1
671353 1
671455 1
671557 1
671659 1
671761 1
671863 1
671965 1
672067 1
672169 1
672271 1
672373 1
672475 1
672578 1
672680 1
672782 1
672884 1
672986 1
673088 1
673190 1
673292 1
673394 1
673496 1
673598 1
673700 1
673802 1
673904 1
674006 1
674108 1
674210 1
674312 1
674414 1
674516 1
674618 1
674720 1
674822 1
674924 1
675026 1
675128 1
675230 1
675332 1
675434 1
675536 1
675638 1
675740 1
675842 1
675944 1
676047 1
676149 1
676251 1
676353 1
676455 1
676557 1
676659 1
676761 1
676863 1
676965 1
677067 1
677169 1
677271 1
677373 1
677475 1
677577 1
677679 1
677781 1
677883 1
677985 1
678087 1
678189 1
678291 1
678393 1
678495 1
678597 1
678699 1
678801 1
678903 1
679005 1
679107 1
679209 1
679311 1
679413 1
679516 1
679618 1
679720 1
679822 1
679924 1
680026 1
680128 1
680230 1
680332 1
680434 1
680536 1
680638 1
680740 1
680842 1
680944 1
681046 1
681148 1
681250 1
681352 1
681454 1
681556 1
681658 1
681760 1
681862 1
681964 1
682066 1
682168 1
682270 1
682372 1
682474 1
682576 1
682678 1
682780 1
682882 1
682985 1
683087 1
683189 1
683291 1
683393 1
683495 1
683597 1
683699 1
683801 1
683903 1
684005 1
684107 1
684209 1
684311 1
684413 1
684515 1
684617 1
684719 1
684821 1
684923 1
685025 1
685127 1
685229 1
685331 1
685433 1
685535 1
685637 1
685739 1
685841 1
685943 1
686045 1
686147 1
686249 1
686351 1
686454 1
686556 1
686658 1
686760 1
686862 1
686964 1
687066 1
687168 1
687270 1
687372 1
687474 1
687576 1
687678 1
687780 1
687882 1
687984 1
688086 1
688188 1
688290 1
688392 1
688494 1
688596 1
688698 1
688800 1
688902 1
689004 1
689106 1
689208 1
689310 1
689412 1
689514 1
689616 1
689718 1
689820 1
689923 1
690025 1
690127 1
690229 1
690331 1
690433 1
690535 1
690637 1
690739 1
690841 1
690943 1
691045 1
691147 1
691249 1
691351 1
691453 1
691555 1
691657 1
691759 1
691861 1
691963 1
692065 1
692167 1
692269 1
692371 1
692473 1
692575 1
692677 1
692779 1
692881 1
692983 1
693085 1
693187 1
693289 1
693392 1
693494 1
693596 1
693698 1
693800 1
693902 1
694004 1
694106 1
694208 1
694310 1
694412 1
694514 1
694616 1
694718 1
694820 1
694922 1
695024 1
695126 1
695228 1
695330 1
695432 1
695534 1
695636 1
695738 1
695840 0
695942 0
696044 0
696146 0
696248 0
696350 0
696452 0
696554 0
696656 0
696758 0
696861 0
696963 0
697065 0
697167 0
697269 0
697371 0
697473 0
697575 0
697677 0
697779 0
697881 0
697983 0
698085 0
698187 0
698289 0
698391 0
698493 0
698595 0
698697 0
698799 0
698901 0
699003 0
699105 0
699207 0
699309 0
699411 0
699513 0
699615 0
699717 0
699819 0
699921 0
700023 0
700125 0
700227 0
700330 0
700432 0
700534 0
700636 0
700738 0
700840 0
700942 0
701044 0
701146 0
701248 0
701350 0
701452 0
701554 0
701656 0
701758 0
701860 0
701962 0
702064 0
702166 0
702268 0
702370 0
702472 0
702574 0
702676 0
702778 0
702880 0
702982 0
703084 0
703186 0
703288 0
703390 0
703492 0
703594 0
703696 0
703799 0
703901 0
704003 0
704105 0
704207 0
704309 0
704411 0
704513 0
704615 0
704717 0
704819 0
704921 0
705023 0
705125 0
705227 0
705329 0
705431 0
705533 0
705635 0
705737 0
705839 0
705941 0
706043 0
706145 0
706247 0
706349 0
706451 0
706553 0
706655 0
706757 0
706859 0
706961 0
707063 0
707165 0
707268 0
707370 0
707472 0
707574 0
707676 0
707778 0
707880 0
707982 0
708084 0
708186 0
708288 0
708390 0
708492 0
708594 0
708696 0
708798 0
708900 0
709002 0
709104 0
709206 0
709308 0
709410 0
709512 0
709614 0
709716 0
709818 0
709920 0
710022 0
710124 0
710226 0
710328 0
710430 0
710532 0
710634 0
710737 0
710839 0
710941 0
711043 0
711145 0
711247 0
711349 0
711451 0
711553 0
711655 0
711757 0
711859 0
711961 0
712063 0
712165 0
712267 0
712369 0
712471 0
712573 0
712675 0
712777 0
712879 0
712981 0
713083 0
713185 0
713287 0
713389 0
713491 0
713593 0
713695 0
713797 0
713899 0
714001 0
714103 0
714206 0
714308 0
714410 0
714512 0
714614 0
714716 0
714818 0
714920 0
715022 0
715124 0
715226 0
715328 0
715430 0
715532 0
715634 0
715736 0
715838 0
715940 0
716042 0
716144 0
716246 0
716348 0
716450 0
716552 0
716654 0
716756 0
716858 0
716960 0
717062 0
717164 0
717266 0
717368 0
717470 0
717572 0
717675 0
717777 0
717879 0
717981 0
718083 0
718185 0
718287 0
718389 0
718491 0
718593 0
718695 0
718797 0
718899 0
719001 0
719103 0
719205 0
719307 0
719409 0
719511 0
719613 0
719715 0
719817 0
719919 0
720021 0
720123 0
720225 0
720327 0
720429 0
720531 0
720633 0
720735 0
720837 0
720939 0
721041 0
721144 0
721246 0
721348 0
721450 0
721552 0
721654 0
721756 0
721858 0
721960 0
722062 0
722164 0
722266 0
722368 0
722470 0
722572 0
722674 0
722776 0
722878 0
722980 0
723082 0
723184 0
723286 0
723388 0
723490 0
723592 0
723694 0
723796 0
723898 0
724000 0
724102 0
724204 0
724306 0
724408 0
724510 0
724613 0
724715 0
724817 0
724919 0
725021 0
725123 0
725225 0
725327 0
725429 0
725531 0
725633 0
725735 0
725837 0
725939 0
726041 0
726143 0
726245 0
726347 0
726449 0
726551 0
726653 0
726755 0
726857 0
726959 0
727061 0
727163 0
727265 0
727367 0
727469 0
727571 0
727673 0
727775 0
727877 0
727979 0
728081 0
728184 0
728286 0
728388 0
728490 0
728592 0
728694 0
728796 0
728898 0
729000 0
729102 0
729204 0
729306 0
729408 0
729510 0
729612 0
729714 0
729816 0
729918 0
730020 0
730122 0
730224 0
730326 0
730428 0
730530 0
730632 0
730734 0
730836 0
730938 0
731040 0
731142 0
731244 0
731346 0
731448 0
731550 0
731653 0
731755 0
731857 0
731959 0
732061 0
732163 0
732265 0
732367 0
732469 0
732571 0
732673 0
732775 0
732877 0
732979 0
733081 0
733183 0
733285 0
733387 0
733489 0
733591 0
733693 0
733795 0
733897 0
733999 0
734101 0
734203 0
734305 0
734407 0
734509 0
734611 0
734713 0
734815 0
734917 0
735019 0
735122 0
735224 0
735326 0
735428 0
735530 0
735632 0
735734 0
735836 0
735938 0
736040 0
736142 0
736244 0
736346 0
736448 0
736550 0
736652 0
736754 0
736856 0
736958 0
737060 0
737162 0
737264 0
737366 0
737468 0
737570 0
737672 0
737774 0
737876 0
737978 0
738080 0
738182 0
738284 0
738386 0
738488 0
738591 0
738693 0
738795 0
738897 0
738999 0
739101 0
739203 0
739305 0
739407 0
739509 0
739611 0
739713 0
739815 0
739917 0
740019 0
740121 0
740223 0
740325 0
740427 0
740529 0
740631 0
740733 0
740835 0
740937 0
741039 0
741141 0
741243 0
741345 0
741447 0
741549 0
741651 0
741753 0
741855 0
741957 0
742060 0
742162 0
742264 0
742366 0
742468 0
742570 0
742672 0
742774 0
742876 0
742978 0
743080 0
743182 0
743284 0
743386 0
743488 0
743590 0
743692 0
743794 0
743896 0
743998 0
744100 0
744202 0
744304 0
744406 0
744508 0
744610 0
744712 0
744814 0
744916 0
745018 0
745120 0
745222 0
745324 0
745426 0
745529 0
745631 0
745733 0
745835 0
745937 0
746039 0
746141 0
746243 0
746345 0
746447 0
746549 0
746651 0
746753 0
746855 0
746957 0
747059 0
747161 0
747263 0
747365 0
747467 0
747569 0
747671 0
747773 0
747875 0
747977 0
748079 0
748181 0
748283 0
748385 0
748487 0
748589 0
748691 0
748793 0
748895 0
748998 0
749100 0
749202 0
749304 0
749406 0
749508 0
749610 0
749712 0
749814 0
749916 0
750018 0
750120 0
750222 0
750324 0
750426 0
750528 0
750630 0
750732 0
750834 0
750936 0
751038 0
751140 0
751242 0
751344 0
751446 0
751548 0
751650 0
751752 0
751854 0
751956 0
752058 0
752160 0
752262 0
752364 0
752467 0
752569 0
752671 0
752773 0
752875 0
752977 0
753079 0
753181 0
753283 0
753385 0
753487 0
753589 0
753691 0
753793 0
753895 0
753997 0
754099 0
754201 0
754303 0
754405 0
754507 0
754609 0
754711 0
754813 0
754915 0
755017 0
755119 0
755221 0
755323 0
755425 0
755527 0
755629 0
755731 0
755833 0
755936 0
756038 0
756140 0
756242 0
756344 0
756446 0
756548 0
756650 0
756752 0
756854 0
756956 0
757058 0
757160 0
757262 0
757364 0
757466 0
757568 0
757670 0
757772 0
757874 0
757976 0
758078 0
758180 0
758282 0
758384 0
758486 0
758588 0
758690 0
758792 0
758894 0
758996 0
759098 0
759200 0
759302 0
759405 0
759507 0
759609 0
759711 0
759813 0
759915 0
760017 0
760119 0
760221 0
760323 0
760425 0
760527 0
760629 0
760731 0
760833 0
760935 0
761037 0
761139 0
761241 0
761343 0
761445 0
761547 0
761649 0
761751 0
761853 0
761955 0
762057 0
762159 0
762261 0
762363 0
762465 0
762567 0
762669 0
762771 0
762874 0
762976 0
763078 0
763180 0
763282 0
763384 0
763486 0
763588 0
763690 0
763792 0
763894 0
763996 0
764098 0
764200 0
764302 0
764404 0
764506 0
764608 0
764710 0
764812 0
764914 0
765016 0
765118 0
765220 0
765322 0
765424 0
765526 0
765628 0
765730 0
765832 0
765934 0
766036 0
766138 0
766240 0
766343 0
766445 0
766547 0
766649 0
766751 0
766853 0
766955 0
767057 0
767159 0
767261 0
767363 0
767465 0
767567 0
767669 0
767771 0
767873 0
767975 0
768077 0
768179 0
768281 0
768383 0
768485 0
768587 0
768689 0
768791 0
768893 0
768995 0
769097 0
769199 0
769301 0
769403 0
769505 0
769607 0
769709 0
769812 0
769914 0
770016 0
770118 0
770220 0
770322 0
770424 0
770526 0
770628 0
770730 0
770832 0
770934 0
771036 0
771138 0
771240 0
771342 0
771444 0
771546 0
771648 0
771750 0
771852 0
771954 0
772056 0
772158 0
772260 0
772362 0
772464 0
772566 0
772668 0
772770 0
772872 0
772974 0
773076 0
773178 0
773281 0
773383 0
773485 0
773587 0
773689 0
773791 0
773893 0
773995 0
774097 0
774199 0
774301 0
774403 0
774505 0
774607 0
774709 0
774811 0
774913 0
775015 0
775117 0
775219 0
775321 0
775423 0
775525 0
775627 0
775729 0
775831 0
775933 0
776035 0
776137 0
776239 0
776341 0
776443 0
776545 0
776647 0
776750 0
776852 0
776954 0
777056 0
777158 0
777260 0
777362 0
777464 0
777566 0
777668 0
777770 0
777872 0
777974 0
778076 0
778178 0
778280 0
778382 0
778484 0
778586 0
778688 0
778790 0
778892 0
778994 0
779096 0
779198 0
779300 0
779402 0
779504 0
779606 0
779708 0
779810 0
779912 0
780014 0
780116 0
780219 0
780321 0
780423 0
780525 0
780627 0
780729 0
780831 0
780933 0
781035 0
781137 0
781239 0
781341 0
781443 0
781545 0
781647 0
781749 0
781851 0
781953 0
782055 0
782157 0
782259 0
782361 0
782463 0
782565 0
782667 0
782769 0
782871 0
782973 0
783075 0
783177 0
783279 0
783381 0
783483 0
783585 0
783687 0
783790 0
783892 0
783994 0
784096 0
784198 0
784300 0
784402 0
784504 0
784606 0
784708 0
784810 0
784912 0
785014 0
785116 0
785218 0
785320 0
785422 0
785524 0
785626 0
785728 0
785830 0
785932 0
786034 0
786136 0
786238 0
786340 0
786442 0
786544 0
786646 0
786748 0
786850 0
786952 0
787054 0
787156 0
787259 0
787361 0
787463 0
787565 0
787667 0
787769 0
787871 0
787973 0
788075 0
788177 0
788279 0
788381 0
788483 0
788585 0
788687 0
788789 0
788891 0
788993 0
789095 0
789197 0
789299 0
789401 0
789503 0
789605 0
789707 0
789809 0
789911 0
790013 0
790115 0
790217 0
790319 0
790421 0
790523 0
790625 0
790728 0
790830 0
790932 0
791034 0
791136 0
791238 0
791340 0
791442 0
791544 0
791646 0
791748 0
791850 0
791952 0
792054 0
792156 0
792258 0
792360 0
792462 0
792564 0
792666 0
792768 0
792870 0
792972 0
793074 0
793176 0
793278 0
793380 0
793482 0
793584 0
793686 0
793788 0
793890 0
793992 0
794094 0
794197 0
794299 0
794401 0
794503 0
794605 0
794707 0
794809 0
794911 0
795013 0
795115 0
795217 0
795319 0
795421 0
795523 0
795625 0
795727 0
795829 0
795931 0
796033 0
796135 0
796237 0
796339 0
796441 0
796543 0
796645 0
796747 0
796849 0
796951 0
797053 0
797155 0
797257 0
797359 0
797461 0
797563 0
797666 0
797768 0
797870 0
797972 0
798074 0
798176 0
798278 0
798380 0
798482 0
798584 0
798686 0
798788 0
798890 0
798992 0
799094 0
799196 0
799298 0
799400 0
799502 0
799604 0
799706 0
799808 0
799910 0
800012 0
800114 0
800216 0
800318 0
800420 0
800522 0
800624 0
800726 0
800828 0
800930 0
801032 0
801135 0
801237 0
801339 0
801441 0
801543 0
801645 0
801747 0
801849 0
801951 0
802053 0
802155 0
802257 0
802359 0
802461 0
802563 0
802665 0
802767 0
802869 0
802971 0
803073 0
803175 0
803277 0
803379 0
803481 0
803583 0
803685 0
803787 0
803889 0
803991 0
804093 0
804195 0
804297 0
804399 0
804501 0
804604 0
804706 0
804808 0
804910 0
805012 0
805114 0
805216 0
805318 0
805420 0
805522 0
805624 0
805726 0
805828 0
805930 0
806032 0
806134 0
806236 0
806338 0
806440 0
806542 0
806644 0
806746 0
806848 0
806950 0
807052 0
807154 0
807256 0
807358 0
807460 0
807562 0
807664 0
807766 0
807868 0
807970 0
808073 0
808175 0
808277 0
808379 0
808481 0
808583 0
808685 0
808787 0
808889 0
808991 0
809093 0
809195 0
809297 0
809399 0
809501 0
809603 0
809705 0
809807 0
809909 0
810011 0
810113 0
810215 0
810317 0
810419 0
810521 0
810623 0
810725 0
810827 0
810929 0
811031 0
811133 0
811235 0
811337 0
811439 0
811542 0
811644 0
811746 0
811848 0
811950 0
812052 0
812154 0
812256 0
812358 0
812460 0
812562 0
812664 0
812766 0
812868 0
812970 0
813072 0
813174 0
813276 0
813378 0
813480 0
813582 0
813684 0
813786 0
813888 0
813990 0
814092 0
814194 0
814296 0
814398 0
814500 0
814602 0
814704 0
814806 0
814908 0
815011 0
815113 0
815215 0
815317 0
815419 0
815521 0
815623 0
815725 0
815827 0
815929 0
816031 0
816133 0
816235 0
816337 0
816439 0
816541 0
816643 0
816745 0
816847 0
816949 0
817051 0
817153 0
817255 0
817357 0
817459 0
817561 0
817663 0
817765 0
817867 0
817969 0
818071 0
818173 0
818275 0
818377 0
818480 0
818582 0
818684 0
818786 0
818888 0
818990 0
819092 0
819194 0
819296 0
819398 0
819500 0
819602 0
819704 0
819806 0
819908 0
820010 0
820112 0
820214 0
820316 0
820418 0
820520 0
820622 0
820724 0
820826 0
820928 0
821030 0
821132 0
821234 0
821336 0
821438 0
821540 0
821642 0
821744 0
821846 0
821949 0
822051 0
822153 0
822255 0
822357 0
822459 0
822561 0
822663 0
822765 0
822867 0
822969 0
823071 0
823173 0
823275 0
823377 0
823479 0
823581 0
823683 0
823785 0
823887 0
823989 0
824091 0
824193 0
824295 0
824397 0
824499 0
824601 0
824703 0
824805 0
824907 0
825009 0
825111 0
825213 0
825315 0
825418 0
825520 0
825622 0
825724 0
825826 0
825928 0
826030 0
826132 0
826234 0
826336 0
826438 0
826540 0
826642 0
826744 0
826846 0
826948 0
827050 0
827152 0
827254 0
827356 0
827458 0
827560 0
827662 0
827764 0
827866 0
827968 0
828070 0
828172 0
828274 0
828376 0
828478 0
828580 0
828682 0
828784 0
828887 0
828989 0
829091 0
829193 0
829295 0
829397 0
829499 0
829601 0
829703 0
829805 0
829907 0
830009 0
830111 0
830213 0
830315 0
830417 0
830519 0
830621 0
830723 0
830825 0
830927 0
831029 0
831131 0
831233 0
831335 0
831437 0
831539 0
831641 0
831743 0
831845 0
831947 0
832049 0
832151 0
832253 0
832356 0
832458 0
832560 0
832662 0
832764 0
832866 0
832968 0
833070 0
833172 0
833274 0
833376 0
833478 0
833580 0
833682 0
833784 0
833886 0
833988 0
834090 0
834192 0
834294 0
834396 0
834498 0
834600 0
834702 0
834804 0
834906 0
835008 0
835110 0
835212 0
835314 0
835416 0
835518 0
835620 0
835722 0
835825 0
835927 0
836029 0
836131 0
836233 0
836335 0
836437 0
836539 0
836641 0
836743 0
836845 0
836947 0
837049 0
837151 0
837253 0
837355 0
837457 0
837559 0
837661 0
837763 0
837865 0
837967 0
838069 0
838171 0
838273 0
838375 0
838477 0
838579 0
838681 0
838783 0
838885 0
838987 0
839089 0
839191 0
839293 0
839396 0
839498 0
839600 0
839702 0
839804 0
839906 0
840008 0
840110 0
840212 0
840314 0
840416 0
840518 0
840620 0
840722 0
840824 0
840926 0
841028 0
841130 0
841232 0
841334 0
841436 0
841538 0
841640 0
841742 0
841844 0
841946 0
842048 0
842150 0
842252 0
842354 0
842456 0
842558 0
842660 0
842762 0
842865 0
842967 0
843069 0
843171 0
843273 0
843375 0
843477 0
843579 0
843681 0
843783 0
843885 0
843987 0
844089 0
844191 0
844293 0
844395 0
844497 0
844599 0
844701 0
844803 0
844905 0
845007 0
845109 0
845211 0
845313 0
845415 0
845517 0
845619 0
845721 0
845823 0
845925 0
846027 0
846129 0
846231 0
846334 0
846436 0
846538 0
846640 0
846742 0
846844 0
846946 0
847048 0
847150 0
847252 0
847354 0
847456 0
847558 0
847660 0
847762 0
847864 0
847966 0
848068 0
848170 0
848272 0
848374 0
848476 0
848578 0
848680 0
848782 0
848884 0
848986 0
849088 0
849190 0
849292 0
849394 0
849496 0
849598 0
849700 0
849803 0
849905 0
850007 0
850109 0
850211 0
850313 0
850415 0
850517 0
850619 0
850721 0
850823 0
850925 0
851027 0
851129 0
851231 0
851333 0
851435 0
851537 0
851639 0
851741 0
851843 0
851945 0
852047 0
852149 0
852251 0
852353 0
852455 0
852557 0
852659 0
852761 0
852863 0
852965 0
853067 0
853169 0
853272 0
853374 0
853476 0
853578 0
853680 0
853782 0
853884 0
853986 0
854088 0
854190 0
854292 0
854394 0
854496 0
854598 0
854700 0
854802 0
854904 0
855006 0
855108 0
855210 0
855312 0
855414 0
855516 0
855618 0
855720 0
855822 0
855924 0
856026 0
856128 0
856230 0
856332 0
856434 0
856536 0
856638 0
856741 0
856843 0
856945 0
857047 0
857149 0
857251 0
857353 0
857455 0
857557 0
857659 0
857761 0
857863 0
857965 0
858067 0
858169 0
858271 0
858373 0
858475 0
858577 0
858679 0
858781 0
858883 0
858985 0
859087 0
859189 0
859291 0
859393 0
859495 0
859597 0
859699 0
859801 0
859903 0
860005 0
860107 0
860210 0
860312 0
860414 0
860516 0
860618 0
860720 0
860822 0
860924 0
861026 0
861128 0
861230 0
861332 0
861434 0
861536 0
861638 0
861740 0
861842 0
861944 0
862046 0
862148 0
862250 0
862352 0
862454 0
862556 0
862658 0
862760 0
862862 0
862964 0
863066 0
863168 0
863270 0
863372 0
863474 0
863576 0
863679 0
863781 0
863883 0
863985 0
864087 0
864189 0
864291 0
864393 0
864495 0
864597 0
864699 0
864801 0
864903 0
865005 0
865107 0
865209 0
865311 0
865413 0
865515 0
865617 0
865719 0
865821 0
865923 0
866025 0
866127 0
866229 0
866331 0
866433 0
866535 0
866637 0
866739 0
866841 0
866943 0
867045 0
867148 0
867250 0
867352 0
867454 0
867556 0
867658 0
867760 0
867862 0
867964 0
868066 0
868168 0
868270 0
868372 0
868474 0
868576 0
868678 0
868780 0
868882 0
868984 0
869086 0
869188 0
869290 0
869392 0
869494 0
869596 0
869698 0
869800 0
869902 0
870004 0
870106 0
870208 0
870310 0
870412 0
870514 0
870617 0
870719 0
870821 0
870923 0
871025 0
871127 0
871229 0
871331 0
871433 0
871535 0
871637 0
871739 0
871841 0
871943 0
872045 0
872147 0
872249 0
872351 0
872453 0
872555 0
872657 0
872759 0
872861 0
872963 0
873065 0
873167 0
873269 0
873371 0
873473 0
873575 0
873677 0
873779 0
873881 0
873983 0
874086 0
874188 0
874290 0
874392 0
874494 0
874596 0
874698 0
874800 0
874902 0
875004 0
875106 0
875208 0
875310 0
875412 0
875514 0
875616 0
875718 0
875820 0
875922 0
876024 0
876126 0
876228 0
876330 0
876432 0
876534 0
876636 0
876738 0
876840 0
876942 0
877044 0
877146 0
877248 0
877350 0
877452 0
877555 0
877657 0
877759 0
877861 0
877963 0
878065 0
878167 0
878269 0
878371 0
878473 0
878575 0
878677 0
878779 0
878881 0
878983 0
879085 0
879187 0
879289 0
879391 0
879493 0
879595 0
879697 0
879799 0
879901 0
880003 0
880105 0
880207 0
880309 0
880411 0
880513 0
880615 0
880717 0
880819 0
880921 0
881024 0
881126 0
881228 0
881330 0
881432 0
881534 0
881636 0
881738 0
881840 0
881942 0
882044 0
882146 0
882248 0
882350 0
882452 0
882554 0
882656 0
882758 0
882860 0
882962 0
883064 0
883166 0
883268 0
883370 0
883472 0
883574 0
883676 0
883778 0
883880 0
883982 0
884084 0
884186 0
884288 0
884390 0
884493 0
884595 0
884697 0
884799 0
884901 0
885003 0
885105 0
885207 0
885309 0
885411 0
885513 0
885615 0
885717 0
885819 0
885921 0
886023 0
886125 0
886227 0
886329 0
886431 0
886533 0
886635 0
886737 0
886839 0
886941 0
887043 0
887145 0
887247 0
887349 0
887451 0
887553 0
887655 0
887757 0
887859 0
887962 0
888064 0
888166 0
888268 0
888370 0
888472 0
888574 0
888676 0
888778 0
888880 0
888982 0
889084 0
889186 0
889288 0
889390 0
889492 0
889594 0
889696 0
889798 0
889900 0
890002 0
890104 0
890206 0
890308 0
890410 0
890512 0
890614 0
890716 0
890818 0
890920 0
891022 0
891124 0
891226 0
891328 0
891431 0
891533 0
891635 0
891737 0
891839 0
891941 0
892043 0
892145 0
892247 0
892349 0
892451 0
892553 0
892655 0
892757 0
892859 0
892961 0
893063 0
893165 0
893267 0
893369 0
893471 0
893573 0
893675 0
893777 0
893879 0
893981 0
894083 0
894185 0
894287 0
894389 0
894491 0
894593 0
894695 0
894797 0
894899 0
895002 0
895104 0
895206 0
895308 0
895410 0
895512 0
895614 0
895716 0
895818 0
895920 0
896022 0
896124 0
896226 0
896328 0
896430 0
896532 0
896634 0
896736 0
896838 0
896940 0
897042 0
897144 0
897246 0
897348 0
897450 0
897552 0
897654 0
897756 0
897858 0
897960 0
898062 0
898164 0
898266 0
898368 0
898471 0
898573 0
898675 0
898777 0
898879 0
898981 0
899083 0
899185 0
899287 0
899389 0
899491 0
899593 0
899695 0
899797 0
899899 0
900001 0
900103 0
900205 0
900307 0
900409 0
900511 0
900613 0
900715 0
900817 0
900919 0
901021 0
901123 0
901225 0
901327 0
901429 0
901531 0
901633 0
901735 0
901837 0
901940 0
902042 0
902144 0
902246 0
902348 0
902450 0
902552 0
902654 0
902756 0
902858 0
902960 0
903062 0
903164 0
903266 0
903368 0
903470 0
903572 0
903674 0
903776 0
903878 0
903980 0
904082 0
904184 0
904286 0
904388 0
904490 0
904592 0
904694 0
904796 0
904898 0
905000 0
905102 0
905204 0
905306 0
905409 0
905511 0
905613 0
905715 0
905817 0
905919 0
906021 0
906123 0
906225 0
906327 0
906429 0
906531 0
906633 0
906735 0
906837 0
906939 0
907041 0
907143 0
907245 0
907347 0
907449 0
907551 0
907653 0
907755 0
907857 0
907959 0
908061 0
908163 0
908265 0
908367 0
908469 0
908571 0
908673 0
908775 0
908878 0
908980 0
909082 0
909184 0
909286 0
909388 0
909490 0
909592 0
909694 0
909796 0
909898 0
910000 0
910102 0
910204 0
910306 0
910408 0
910510 0
910612 0
910714 0
910816 0
910918 0
911020 0
911122 0
911224 0
911326 0
911428 0
911530 0
911632 0
911734 0
911836 0
911938 0
912040 0
912142 0
912244 0
912347 0
912449 0
912551 0
912653 0
912755 0
912857 0
912959 0
913061 0
913163 0
913265 0
913367 0
913469 0
913571 0
913673 0
913775 0
913877 0
913979 0
914081 0
914183 0
914285 0
914387 0
914489 0
914591 0
914693 0
914795 0
914897 0
914999 0
915101 0
915203 0
915305 0
915407 0
915509 0
915611 0
915713 0
915816 0
915918 0
916020 0
916122 0
916224 0
916326 0
916428 0
916530 0
916632 0
916734 0
916836 0
916938 0
917040 0
917142 0
917244 0
917346 0
917448 0
917550 0
917652 0
917754 0
917856 0
917958 0
918060 0
918162 0
918264 0
918366 0
918468 0
918570 0
918672 0
918774 0
918876 0
918978 0
919080 0
919182 0
919285 0
919387 0
919489 0
919591 0
919693 0
919795 0
919897 0
919999 0
920101 0
920203 0
920305 0
920407 0
920509 0
920611 0
920713 0
920815 0
920917 0
921019 0
921121 0
921223 0
921325 0
921427 0
921529 0
921631 0
921733 0
921835 0
921937 0
922039 0
922141 0
922243 0
922345 0
922447 0
922549 0
922651 0
922754 0
922856 0
922958 0
923060 0
923162 0
923264 0
923366 0
923468 0
923570 0
923672 0
923774 0
923876 0
923978 0
924080 0
924182 0
924284 0
924386 0
924488 0
924590 0
924692 0
924794 0
924896 0
924998 0
925100 0
925202 0
925304 0
925406 0
925508 0
925610 0
925712 0
925814 0
925916 0
926018 0
926120 0
926223 0
926325 0
926427 0
926529 0
926631 0
926733 0
926835 0
926937 0
927039 0
927141 0
927243 0
927345 0
927447 0
927549 0
927651 0
927753 0
927855 0
927957 0
928059 0
928161 0
928263 0
928365 0
928467 0
928569 0
928671 0
928773 0
928875 0
928977 0
929079 0
929181 0
929283 0
929385 0
929487 0
929589 0
929692 0
929794 0
929896 0
929998 0
930100 0
930202 0
930304 0
930406 0
930508 0
930610 0
930712 0
930814 0
930916 0
931018 0
931120 0
931222 0
931324 0
931426 0
931528 0
931630 0
931732 0
931834 0
931936 0
932038 0
932140 0
932242 0
932344 0
932446 0
932548 0
932650 0
932752 0
932854 0
932956 0
933058 0
933161 0
933263 0
933365 0
933467 0
933569 0
933671 0
933773 0
933875 0
933977 0
934079 0
934181 0
934283 0
934385 0
934487 0
934589 0
934691 0
934793 0
934895 0
934997 0
935099 0
935201 0
935303 0
935405 0
935507 0
935609 0
935711 0
935813 0
935915 0
936017 0
936119 0
936221 0
936323 0
936425 0
936527 0
936630 0
936732 0
936834 0
936936 0
937038 0
937140 0
937242 0
937344 0
937446 0
937548 0
937650 0
937752 0
937854 0
937956 0
938058 0
938160 0
938262 0
938364 0
938466 0
938568 0
938670 0
938772 0
938874 0
938976 0
939078 0
939180 0
939282 0
939384 0
939486 0
939588 0
939690 0
939792 0
939894 0
939996 0
940099 0
940201 0
940303 0
940405 0
940507 0
940609 0
940711 0
940813 0
940915 0
941017 0
941119 0
941221 0
941323 0
941425 0
941527 0
941629 0
941731 0
941833 0
941935 0
942037 0
942139 0
942241 0
942343 0
942445 0
942547 0
942649 0
942751 0
942853 0
942955 0
943057 0
943159 0
943261 0
943363 0
943465 0
943568 0
943670 0
943772 0
943874 0
943976 0
944078 0
944180 0
944282 0
944384 0
944486 0
944588 0
944690 0
944792 0
944894 0
944996 0
945098 0
945200 0
945302 0
945404 0
945506 0
945608 0
945710 0
945812 0
945914 0
946016 0
946118 0
946220 0
946322 0
946424 0
946526 0
946628 0
946730 0
946832 0
946934 0
947037 0
947139 0
947241 0
947343 0
947445 0
947547 0
947649 0
947751 0
947853 0
947955 0
948057 0
948159 0
948261 0
948363 0
948465 0
948567 0
948669 0
948771 0
948873 0
948975 0
949077 0
949179 0
949281 0
949383 0
949485 0
949587 0
949689 0
949791 0
949893 0
949995 0
950097 0
950199 0
950301 0
950403 0
950505 0
950608 0
950710 0
950812 0
950914 0
951016 0
951118 0
951220 0
951322 0
951424 0
951526 0
951628 0
951730 0
951832 0
951934 0
952036 0
952138 0
952240 0
952342 0
952444 0
952546 0
952648 0
952750 0
952852 0
952954 0
953056 0
953158 0
953260 0
953362 0
953464 0
953566 0
953668 0
953770 0
953872 0
953974 0
954077 0
954179 0
954281 0
954383 0
954485 0
954587 0
954689 0
954791 0
954893 0
954995 0
955097 0
955199 0
955301 0
955403 0
955505 0
955607 0
955709 0
955811 0
955913 0
956015 0
956117 0
956219 0
956321 0
956423 0
956525 0
956627 0
956729 0
956831 0
956933 0
957035 0
957137 0
957239 0
957341 0
957443 0
957546 0
957648 0
957750 0
957852 0
957954 0
958056 0
958158 0
958260 0
958362 0
958464 0
958566 0
958668 0
958770 0
958872 0
958974 0
959076 0
959178 0
959280 0
959382 0
959484 0
959586 0
959688 0
959790 0
959892 0
959994 0
960096 0
960198 0
960300 0
960402 0
960504 0
960606 0
960708 0
960810 0
960912 0
961015 0
961117 0
961219 0
961321 0
961423 0
961525 0
961627 0
961729 0
961831 0
961933 0
962035 0
962137 0
962239 0
962341 0
962443 0
962545 0
962647 0
962749 0
962851 0
962953 0
963055 0
963157 0
963259 0
963361 0
963463 0
963565 0
963667 0
963769 0
963871 0
963973 0
964075 0
964177 0
964279 0
964381 0
964484 0
964586 0
964688 0
964790 0
964892 0
964994 0
965096 0
965198 0
965300 0
965402 0
965504 0
965606 0
965708 0
965810 0
965912 0
966014 0
966116 0
966218 0
966320 0
966422 0
966524 0
966626 0
966728 0
966830 0
966932 0
967034 0
967136 0
967238 0
967340 0
967442 0
967544 0
967646 0
967748 0
967850 0
967953 0
968055 0
968157 0
968259 0
968361 0
968463 0
968565 0
968667 0
968769 0
968871 0
968973 0
969075 0
969177 0
969279 0
969381 0
969483 0
969585 0
969687 0
969789 0
969891 0
969993 0
970095 0
970197 0
970299 0
970401 0
970503 0
970605 0
970707 0
970809 0
970911 0
971013 0
971115 0
971217 0
971319 0
971422 0
971524 0
971626 0
971728 0
971830 0
971932 0
972034 0
972136 0
972238 0
972340 0
972442 0
972544 0
972646 0
972748 0
972850 0
972952 0
973054 0
973156 0
973258 0
973360 0
973462 0
973564 0
973666 0
973768 0
973870 0
973972 0
974074 0
974176 0
974278 0
974380 0
974482 0
974584 0
974686 0
974788 0
974891 0
974993 0
975095 0
975197 0
975299 0
975401 0
975503 0
975605 0
975707 0
975809 0
975911 0
976013 0
976115 0
976217 0
976319 0
976421 0
976523 0
976625 0
976727 0
976829 0
976931 0
977033 0
977135 0
977237 0
977339 0
977441 0
977543 0
977645 0
977747 0
977849 0
977951 0
978053 0
978155 0
978257 0
978360 0
978462 0
978564 0
978666 0
978768 0
978870 0
978972 0
979074 0
979176 0
979278 0
979380 0
979482 0
979584 0
979686 0
979788 0
979890 0
979992 0
980094 0
980196 0
980298 0
980400 0
980502 0
980604 0
980706 0
980808 0
980910 0
981012 0
981114 0
981216 0
981318 0
981420 0
981522 0
981624 0
981726 0
981829 0
981931 0
982033 0
982135 0
982237 0
982339 0
982441 0
982543 0
982645 0
982747 0
982849 0
982951 0
983053 0
983155 0
983257 0
983359 0
983461 0
983563 0
983665 0
983767 0
983869 0
983971 0
984073 0
984175 0
984277 0
984379 0
984481 0
984583 0
984685 0
984787 0
984889 0
984991 0
985093 0
985195 0
985298 0
985400 0
985502 0
985604 0
985706 0
985808 0
985910 0
986012 0
986114 0
986216 0
986318 0
986420 0
986522 0
986624 0
986726 0
986828 0
986930 0
987032 0
987134 0
987236 0
987338 0
987440 0
987542 0
987644 0
987746 0
987848 0
987950 0
988052 0
988154 0
988256 0
988358 0
988460 0
988562 0
988664 0
988767 0
988869 0
988971 0
989073 0
989175 0
989277 0
989379 0
989481 0
989583 0
989685 0
989787 0
989889 0
989991 0
990093 0
990195 0
990297 0
990399 0
990501 0
990603 0
990705 0
990807 0
990909 0
991011 0
991113 0
991215 0
991317 0
991419 0
991521 0
991623 0
991725 0
991827 0
991929 0
992031 0
992133 0
992236 0
992338 0
992440 0
992542 0
992644 0
992746 0
992848 0
992950 0
993052 0
993154 0
993256 0
993358 0
993460 0
993562 0
993664 0
993766 0
993868 0
993970 0
994072 0
994174 0
994276 0
994378 0
994480 0
994582 0
994684 0
994786 0
994888 0
994990 0
995092 0
995194 0
995296 0
995398 0
995500 0
995602 0
995705 0
995807 0
995909 0
996011 0
996113 0
996215 0
996317 0
996419 0
996521 0
996623 0
996725 0
996827 0
996929 0
997031 0
997133 0
997235 0
997337 0
997439 0
997541 0
997643 0
997745 0
997847 0
997949 0
998051 0
998153 0
998255 0
998357 0
998459 0
998561 0
998663 0
998765 0
998867 0
998969 0
999071 0
999174 0
999276 0
999378 0
999480 0
999582 0
999684 0
999786 0
999888 0
999990 0
1.00009e+06 0
1.00019e+06 0
1.0003e+06 0
1.0004e+06 0
1.0005e+06 0
1.0006e+06 0
1.0007e+06 0
1.00081e+06 0
1.00091e+06 0
1.00101e+06 0
1.00111e+06 0
1.00121e+06 0
1.00132e+06 0
1.00142e+06 0
1.00152e+06 0
1.00162e+06 0
1.00172e+06 0
1.00183e+06 0
1.00193e+06 0
1.00203e+06 0
1.00213e+06 0
1.00223e+06 0
1.00234e+06 0
1.00244e+06 0
1.00254e+06 0
1.00264e+06 0
1.00274e+06 0
1.00285e+06 0
1.00295e+06 0
1.00305e+06 0
1.00315e+06 0
1.00325e+06 0
1.00336e+06 0
1.00346e+06 0
1.00356e+06 0
1.00366e+06 0
1.00376e+06 0
1.00387e+06 0
1.00397e+06 0
1.00407e+06 0
1.00417e+06 0
1.00427e+06 0
1.00438e+06 0
1.00448e+06 0
1.00458e+06 0
1.00468e+06 0
1.00479e+06 0
1.00489e+06 0
1.00499e+06 0
1.00509e+06 0
1.00519e+06 0
1.0053e+06 0
1.0054e+06 0
1.0055e+06 0
1.0056e+06 0
1.0057e+06 0
1.00581e+06 0
1.00591e+06 0
1.00601e+06 0
1.00611e+06 0
1.00621e+06 0
1.00632e+06 0
1.00642e+06 0
1.00652e+06 0
1.00662e+06 0
1.00672e+06 0
1.00683e+06 0
1.00693e+06 0
1.00703e+06 0
1.00713e+06 0
1.00723e+06 0
1.00734e+06 0
1.00744e+06 0
1.00754e+06 0
1.00764e+06 0
1.00774e+06 0
1.00785e+06 0
1.00795e+06 0
1.00805e+06 0
1.00815e+06 0
1.00825e+06 0
1.00836e+06 0
1.00846e+06 0
1.00856e+06 0
1.00866e+06 0
1.00876e+06 0
1.00887e+06 0
1.00897e+06 0
1.00907e+06 0
1.00917e+06 0
1.00927e+06 0
1.00938e+06 0
1.00948e+06 0
1.00958e+06 0
1.00968e+06 0
1.00978e+06 0
1.00989e+06 0
1.00999e+06 0
1.01009e+06 0
1.01019e+06 0
1.01029e+06 0
1.0104e+06 0
1.0105e+06 0
1.0106e+06 0
1.0107e+06 0
1.0108e+06 0
1.01091e+06 0
1.01101e+06 0
1.01111e+06 0
1.01121e+06 0
1.01131e+06 0
1.01142e+06 0
1.01152e+06 0
1.01162e+06 0
1.01172e+06 0
1.01183e+06 0
1.01193e+06 0
1.01203e+06 0
1.01213e+06 0
1.01223e+06 0
1.01234e+06 0
1.01244e+06 0
1.01254e+06 0
1.01264e+06 0
1.01274e+06 0
1.01285e+06 0
1.01295e+06 0
1.01305e+06 0
1.01315e+06 0
1.01325e+06 0
1.01336e+06 0
1.01346e+06 0
1.01356e+06 0
1.01366e+06 0
1.01376e+06 0
1.01387e+06 0
1.01397e+06 0
1.01407e+06 0
1.01417e+06 0
1.01427e+06 0
1.01438e+06 0
1.01448e+06 0
1.01458e+06 0
1.01468e+06 0
1.01478e+06 0
1.01489e+06 0
1.01499e+06 0
1.01509e+06 0
1.01519e+06 0
1.01529e+06 0
1.0154e+06 0
1.0155e+06 0
1.0156e+06 0
1.0157e+06 0
1.0158e+06 0
1.01591e+06 0
1.01601e+06 0
1.01611e+06 0
1.01621e+06 0
1.01631e+06 0
1.01642e+06 0
1.01652e+06 0
1.01662e+06 0
1.01672e+06 0
1.01682e+06 0
1.01693e+06 0
1.01703e+06 0
1.01713e+06 0
1.01723e+06 0
1.01733e+06 0
1.01744e+06 0
1.01754e+06 0
1.01764e+06 0
1.01774e+06 0
1.01784e+06 0
1.01795e+06 0
1.01805e+06 0
1.01815e+06 0
1.01825e+06 0
1.01836e+06 0
1.01846e+06 0
1.01856e+06 0
1.01866e+06 0
1.01876e+06 0
1.01887e+06 0
1.01897e+06 0
1.01907e+06 0
1.01917e+06 0
1.01927e+06 0
1.01938e+06 0
1.01948e+06 0
1.01958e+06 0
1.01968e+06 0
1.01978e+06 0
1.01989e+06 0
1.01999e+06 0
1.02009e+06 0
1.02019e+06 0
