0 -95.8374
9884.07 -97.3907
19600.7 -98.9176
29152.8 -100.419
38543.1 -101.894
47774.3 -103.345
56849.2 -104.771
65770.4 -106.173
74540.4 -107.551
83161.9 -108.906
91637.4 -110.238
99969.3 -111.547
108160 -112.835
116212 -114.1
124128 -115.344
131909 -116.567
139559 -117.769
147079 -118.951
154472 -120.112
161740 -121.254
168884 -122.377
175908 -123.481
182813 -124.566
189600 -125.633
196273 -126.681
202832 -127.712
209281 -128.725
215620 -129.722
221852 -130.701
227978 -131.664
234001 -132.61
239922 -133.541
245742 -134.455
251464 -135.354
257088 -136.238
262618 -137.107
268054 -137.961
273397 -138.801
278651 -139.627
283815 -140.438
288892 -141.236
293883 -142.02
298789 -142.791
303612 -143.549
308354 -144.294
313015 -145.027
317597 -145.747
322102 -146.455
326530 -147.151
330883 -147.835
335163 -148.508
339370 -149.169
343506 -149.819
347572 -150.458
351569 -151.086
355498 -151.703
359360 -152.31
363158 -152.907
366891 -153.493
370560 -154.07
374168 -154.637
377714 -155.194
381201 -155.742
384628 -156.281
387997 -156.81
391309 -157.331
394565 -157.842
397766 -158.345
400913 -158.84
404006 -159.326
407047 -159.804
410037 -160.274
412976 -160.736
415865 -161.19
418705 -161.636
421497 -162.075
424242 -162.506
426940 -162.93
429593 -163.347
432200 -163.757
434764 -164.16
437284 -164.556
439761 -164.945
442197 -165.328
444591 -165.704
446944 -166.074
449258 -166.437
451533 -166.795
453769 -167.146
455967 -167.492
458128 -167.831
460252 -168.165
462340 -168.493
464393 -168.816
466412 -169.133
468396 -169.445
470346 -169.751
472263 -170.053
474148 -170.349
476001 -170.64
477823 -170.926
479614 -171.208
481374 -171.484
483104 -171.756
484806 -172.024
486478 -172.286
488122 -172.545
489739 -172.799
491327 -173.048
492889 -173.294
494425 -173.535
495934 -173.772
497418 -174.006
498877 -174.235
500311 -174.46
501721 -174.682
503107 -174.9
504470 -175.114
505809 -175.324
507126 -175.531
508420 -175.734
509692 -175.934
510943 -176.131
512173 -176.324
513382 -176.514
514570 -176.701
515739 -176.885
516887 -177.065
518016 -177.243
519126 -177.417
520217 -177.588
521290 -177.757
522344 -177.923
523381 -178.086
524400 -178.246
525402 -178.403
526387 -178.558
527355 -178.71
528307 -178.86
529242 -179.007
530162 -179.151
531066 -179.293
531955 -179.433
532829 -179.57
533688 -179.705
534532 -179.838
535363 -179.968
536179 -180.097
536981 -180.223
537770 -180.347
538545 -180.469
539307 -180.588
540057 -180.706
540793 -180.822
541517 -180.936
542229 -181.048
542929 -181.157
543617 -181.266
544293 -181.372
544958 -181.476
545612 -181.579
546254 -181.68
546886 -181.779
547507 -181.877
548117 -181.973
548717 -182.067
549307 -182.16
549887 -182.251
550457 -182.341
551018 -182.429
551568 -182.515
552110 -182.6
552643 -182.684
553166 -182.766
553681 -182.847
554186 -182.927
554684 -183.005
555173 -183.082
555653 -183.157
556126 -183.231
556590 -183.304
557047 -183.376
557495 -183.447
557937 -183.516
558370 -183.584
558797 -183.651
559216 -183.717
559628 -183.782
560033 -183.845
560431 -183.908
560823 -183.969
561208 -184.03
561586 -184.089
561958 -184.148
562324 -184.205
562683 -184.262
563036 -184.317
563384 -184.372
563725 -184.426
564061 -184.478
564391 -184.53
564715 -184.581
565034 -184.631
565348 -184.681
565656 -184.729
565959 -184.777
566257 -184.823
566550 -184.869
566838 -184.915
567121 -184.959
567399 -185.003
567672 -185.046
567941 -185.088
568205 -185.13
568465 -185.17
568721 -185.211
568972 -185.25
569219 -185.289
569461 -185.327
569700 -185.364
569934 -185.401
570165 -185.438
570392 -185.473
570614 -185.508
570833 -185.543
571049 -185.576
571260 -185.61
571468 -185.642
571673 -185.675
571874 -185.706
572074 -185.738
572274 -185.769
572474 -185.8
572674 -185.832
572874 -185.863
573074 -185.895
573274 -185.926
573474 -185.958
573674 -185.989
573874 -186.02
574074 -186.052
574274 -186.083
574473 -186.115
574673 -186.146
574873 -186.177
575073 -186.209
575273 -186.24
575473 -186.272
575673 -186.303
575873 -186.335
576073 -186.366
576273 -186.397
576473 -186.429
576673 -186.46
576873 -186.492
577073 -186.523
577273 -186.555
577473 -186.586
577673 -186.617
577873 -186.649
578073 -186.68
578273 -186.712
578473 -186.743
578673 -186.775
578872 -186.806
579072 -186.837
579272 -186.869
579472 -186.9
579672 -186.932
579872 -186.963
580072 -186.994
580272 -187.026
580472 -187.057
580672 -187.089
580872 -187.12
581072 -187.152
581272 -187.183
581472 -187.214
581672 -187.246
581872 -187.277
582072 -187.309
582272 -187.34
582472 -187.372
582672 -187.403
582872 -187.434
583072 -187.466
583272 -187.497
583471 -187.529
583671 -187.56
583871 -187.591
584071 -187.623
584271 -187.654
584471 -187.686
584671 -187.717
584871 -187.749
585071 -187.78
585271 -187.811
585471 -187.843
585671 -187.874
585871 -187.906
586071 -187.937
586271 -187.969
586471 -188
586671 -188.031
586871 -188.063
587071 -188.094
587271 -188.126
587471 -188.157
587671 -188.189
587871 -188.22
588070 -188.251
588270 -188.283
588470 -188.314
588670 -188.346
588870 -188.377
589070 -188.408
589270 -188.44
589470 -188.471
589670 -188.503
589870 -188.534
590070 -188.566
590270 -188.597
590470 -188.628
590670 -188.66
590870 -188.691
591070 -188.723
591270 -188.754
591470 -188.786
591670 -188.817
591870 -188.848
592070 -188.88
592270 -188.911
592470 -188.943
592669 -188.974
592869 -189.006
593069 -189.037
593269 -189.068
593469 -189.1
593669 -189.131
593869 -189.163
594069 -189.194
594269 -189.225
594469 -189.257
594669 -189.288
594869 -189.32
595069 -189.351
595269 -189.383
595469 -189.414
595669 -189.445
595869 -189.477
596069 -189.508
596269 -189.54
596469 -189.571
596669 -189.603
596869 -189.634
597068 -189.665
597268 -189.697
597468 -189.728
597668 -189.76
597868 -189.791
598068 -189.823
598268 -189.854
598468 -189.885
598668 -189.917
598868 -189.948
599068 -189.98
599268 -190.011
599468 -190.042
599668 -190.074
599868 -190.105
600068 -190.137
600268 -190.168
600468 -190.2
600668 -190.231
600868 -190.262
601068 -190.294
601268 -190.325
601468 -190.357
601667 -190.388
601867 -190.42
602067 -190.451
602267 -190.482
602467 -190.514
602667 -190.545
602867 -190.577
603067 -190.608
603267 -190.639
603467 -190.671
603667 -190.702
603867 -190.734
604067 -190.765
604267 -190.797
604467 -190.828
604667 -190.859
604867 -190.891
605067 -190.922
605267 -190.954
605467 -190.985
605667 -191.017
605867 -191.048
606067 -191.079
606266 -191.111
606466 -191.142
606666 -191.174
606866 -191.205
607066 -191.237
607266 -191.268
607466 -191.299
607666 -191.331
607866 -191.362
608066 -191.394
608266 -191.425
608466 -191.456
608666 -191.488
608866 -191.519
609066 -191.551
609266 -191.582
609466 -191.614
609666 -191.645
609866 -191.676
610066 -191.708
610266 -191.739
610466 -191.771
610665 -191.802
610865 -191.834
611065 -191.865
611265 -191.896
611465 -191.928
611665 -191.959
611865 -191.991
612065 -192.022
612265 -192.054
612465 -192.085
612665 -192.116
612865 -192.148
613065 -192.179
613265 -192.211
613465 -192.242
613665 -192.273
613865 -192.305
614065 -192.336
614265 -192.368
614465 -192.399
614665 -192.431
614865 -192.462
615065 -192.493
615264 -192.525
615464 -192.556
615664 -192.588
615864 -192.619
616064 -192.651
616264 -192.682
616464 -192.713
616664 -192.745
616864 -192.776
617064 -192.808
617264 -192.839
617464 -192.871
617664 -192.902
617864 -192.933
618064 -192.965
618264 -192.996
618464 -193.028
618664 -193.059
618864 -193.09
619064 -193.122
619264 -193.153
619464 -193.185
619664 -193.216
619863 -193.248
620063 -193.279
620263 -193.31
620463 -193.342
620663 -193.373
620863 -193.405
621063 -193.436
621263 -193.468
621463 -193.499
621663 -193.53
621863 -193.562
622063 -193.593
622263 -193.625
622463 -193.656
622663 -193.687
622863 -193.719
623063 -193.75
623263 -193.782
623463 -193.813
623663 -193.845
623863 -193.876
624063 -193.907
624263 -193.939
624462 -193.97
624662 -194.002
624862 -194.033
625062 -194.065
625262 -194.096
625462 -194.127
625662 -194.159
625862 -194.19
626062 -194.222
626262 -194.253
626462 -194.285
626662 -194.316
626862 -194.347
627062 -194.379
627262 -194.41
627462 -194.442
627662 -194.473
627862 -194.504
628062 -194.536
628262 -194.567
628462 -194.599
628662 -194.63
628861 -194.662
629061 -194.693
629261 -194.724
629461 -194.756
629661 -194.787
629861 -194.819
630061 -194.85
630261 -194.882
630461 -194.913
630661 -194.944
630861 -194.976
631061 -195.007
631261 -195.039
631461 -195.07
631661 -195.102
631861 -195.133
632061 -195.164
632261 -195.196
632461 -195.227
632661 -195.259
632861 -195.29
633061 -195.321
633261 -195.353
633460 -195.384
633660 -195.416
633860 -195.447
634060 -195.479
634260 -195.51
634460 -195.541
634660 -195.573
634860 -195.604
635060 -195.636
635260 -195.667
635460 -195.699
635660 -195.73
635860 -195.761
636060 -195.793
636260 -195.824
636460 -195.856
636660 -195.887
636860 -195.918
637060 -195.95
637260 -195.981
637460 -196.013
637660 -196.044
637860 -196.076
638059 -196.107
638259 -196.138
638459 -196.17
638659 -196.201
638859 -196.233
639059 -196.264
639259 -196.296
639459 -196.327
639659 -196.358
639859 -196.39
640059 -196.421
640259 -196.453
640459 -196.484
640659 -196.516
640859 -196.547
641059 -196.578
641259 -196.61
641459 -196.641
641659 -196.673
641859 -196.704
642059 -196.735
642259 -196.767
642458 -196.798
642658 -196.83
642858 -196.861
643058 -196.893
643258 -196.924
643458 -196.955
643658 -196.987
643858 -197.018
644058 -197.05
644258 -197.081
644458 -197.113
644658 -197.144
644858 -197.175
645058 -197.207
645258 -197.238
645458 -197.27
645658 -197.301
645858 -197.333
646058 -197.364
646258 -197.395
646458 -197.427
646658 -197.458
646858 -197.49
647057 -197.521
647257 -197.552
647457 -197.584
647657 -197.615
647857 -197.647
648057 -197.678
648257 -197.71
648457 -197.741
648657 -197.772
648857 -197.804
649057 -197.835
649257 -197.867
649457 -197.898
649657 -197.93
649857 -197.961
650057 -197.992
650257 -198.024
650457 -198.055
650657 -198.087
650857 -198.118
651057 -198.15
651257 -198.181
651457 -198.212
651656 -198.244
651856 -198.275
652056 -198.307
652256 -198.338
652456 -198.369
652656 -198.401
652856 -198.432
653056 -198.464
653256 -198.495
653456 -198.527
653656 -198.558
653856 -198.589
654056 -198.621
654256 -198.652
654456 -198.684
654656 -198.715
654856 -198.747
655056 -198.778
655256 -198.809
655456 -198.841
655656 -198.872
655856 -198.904
656055 -198.935
656255 -198.966
656455 -198.998
656655 -199.029
656855 -199.061
657055 -199.092
657255 -199.124
657455 -199.155
657655 -199.186
657855 -199.218
658055 -199.249
658255 -199.281
658455 -199.312
658655 -199.344
658855 -199.375
659055 -199.406
659255 -199.438
659455 -199.469
659655 -199.501
659855 -199.532
660055 -199.564
660255 -199.595
660455 -199.626
660654 -199.658
660854 -199.689
661054 -199.721
661254 -199.752
661454 -199.783
661654 -199.815
661854 -199.846
662054 -199.878
662254 -199.909
662454 -199.941
662654 -199.972
662854 -200.003
663054 -200.035
663254 -200.066
663454 -200.098
663654 -200.129
663854 -200.161
664054 -200.192
664254 -200.223
664454 -200.255
664654 -200.286
664854 -200.318
665054 -200.349
665253 -200.381
665453 -200.412
665653 -200.443
665853 -200.475
666053 -200.506
666253 -200.538
666453 -200.569
666653 -200.6
666853 -200.632
667053 -200.663
667253 -200.695
667453 -200.726
667653 -200.758
667853 -200.789
668053 -200.82
668253 -200.852
668453 -200.883
668653 -200.915
668853 -200.946
669053 -200.978
669253 -201.009
669453 -201.04
669653 -201.072
669852 -201.103
670052 -201.135
670252 -201.166
670452 -201.197
670652 -201.229
670852 -201.26
671052 -201.292
671252 -201.323
671452 -201.355
671652 -201.386
671852 -201.417
672052 -201.449
672252 -201.48
672452 -201.512
672652 -201.543
672852 -201.575
673052 -201.606
673252 -201.637
673452 -201.669
673652 -201.7
673852 -201.732
674052 -201.763
674251 -201.795
674451 -201.826
674651 -201.857
674851 -201.889
675051 -201.92
675251 -201.952
675451 -201.983
675651 -202.014
675851 -202.046
676051 -202.077
676251 -202.109
676451 -202.14
676651 -202.172
676851 -202.203
677051 -202.234
677251 -202.266
677451 -202.297
677651 -202.329
677851 -202.36
678051 -202.392
678251 -202.423
678451 -202.454
678651 -202.486
678850 -202.517
679050 -202.549
679250 -202.58
679450 -202.612
679650 -202.643
679850 -202.674
680050 -202.706
680250 -202.737
680450 -202.769
680650 -202.8
680850 -202.831
681050 -202.863
681250 -202.894
681450 -202.926
681650 -202.957
681850 -202.989
682050 -203.02
682250 -203.051
682450 -203.083
682650 -203.114
682850 -203.146
683050 -203.177
683250 -203.209
683449 -203.24
683649 -203.271
683849 -203.303
684049 -203.334
684249 -203.366
684449 -203.397
684649 -203.429
684849 -203.46
685049 -203.491
685249 -203.523
685449 -203.554
685649 -203.586
685849 -203.617
686049 -203.648
686249 -203.68
686448 -203.711
686648 -203.743
686847 -203.774
687047 -203.805
687246 -203.837
687446 -203.868
687645 -203.899
687845 -203.931
688044 -203.962
688244 -203.993
688443 -204.025
688643 -204.056
688842 -204.087
689042 -204.119
689241 -204.15
689441 -204.181
689640 -204.213
689840 -204.244
690039 -204.276
690239 -204.307
690438 -204.338
690638 -204.37
690837 -204.401
691037 -204.432
691236 -204.464
691436 -204.495
691635 -204.526
691835 -204.558
692034 -204.589
692234 -204.62
692433 -204.652
692633 -204.683
692832 -204.714
693032 -204.746
693231 -204.777
693431 -204.808
693630 -204.84
693830 -197.279
694029 -188.935
694228 -182.426
694428 -177.231
694627 -172.215
694827 -167.396
695026 -162.98
695226 -158.963
695425 -155.236
695625 -151.744
695824 -148.482
696024 -145.432
696223 -142.565
696423 -139.87
696622 -137.326
696822 -134.926
697021 -132.657
697221 -130.505
697420 -128.467
697620 -126.531
697819 -124.692
698019 -122.941
698218 -121.273
698418 -119.683
698617 -118.164
698817 -116.712
699016 -115.323
699216 -113.99
699415 -112.712
699615 -111.482
699814 -110.298
700014 -109.154
700213 -108.051
700413 -106.981
700612 -105.945
700812 -104.937
701011 -103.958
701211 -103.004
701410 -102.076
701610 -101.169
701809 -100.285
702009 -99.4211
702208 -98.5793
702408 -97.7558
702607 -96.9536
702807 -96.1703
703006 -95.4061
703206 -94.6615
703405 -93.9334
703605 -93.2248
703804 -92.5329
704004 -91.8585
704203 -91.2006
704403 -90.5577
704602 -89.9308
704802 -89.3187
705001 -88.7202
705200 -88.1368
705400 -87.564
705599 -87.0064
705799 -86.4586
705998 -85.9246
706198 -85.4004
706397 -84.8879
706597 -84.3851
706796 -83.8932
706996 -83.4104
707195 -82.9383
707395 -82.475
707594 -82.0212
707794 -81.5766
707993 -81.1399
708193 -80.7127
708392 -80.2931
708592 -79.8821
708791 -79.4792
708991 -79.0835
709190 -78.696
709390 -78.3154
709589 -77.9424
709789 -77.5766
709988 -77.2171
710188 -76.865
710387 -76.5187
710587 -76.1795
710786 -75.8459
710986 -75.5185
711185 -75.1967
711385 -74.8805
711584 -74.5697
711784 -74.2643
711983 -73.9634
712183 -73.6678
712382 -73.3767
712582 -73.09
712781 -72.8079
712981 -72.5293
713180 -72.2553
713380 -71.9846
713579 -71.718
713779 -71.4548
713978 -71.1948
714178 -70.9382
714377 -70.6849
714577 -70.4344
714776 -70.1874
714976 -69.9424
715175 -69.7011
715375 -69.4619
715574 -69.2257
715774 -68.9921
715973 -68.7606
716172 -68.532
716372 -68.3057
716571 -68.0815
716771 -67.8601
716970 -67.6407
717170 -67.4237
717369 -67.2092
717569 -66.9962
717768 -66.7862
717968 -66.5778
718167 -66.372
718367 -66.168
718566 -65.9661
718766 -65.7663
718965 -65.5689
719165 -65.3726
719364 -65.1797
719564 -64.9871
719763 -64.798
719963 -64.6098
720162 -64.4238
720362 -64.2397
720561 -64.0569
720761 -63.8765
720960 -63.6978
721160 -63.5204
721359 -63.3453
721559 -63.1715
721758 -62.9997
721958 -62.8297
722157 -62.6607
722357 -62.4942
722556 -62.3286
722756 -62.1652
722955 -62.0032
723155 -61.8425
723354 -61.6836
723554 -61.5265
723753 -61.3701
723953 -61.2164
724152 -61.0627
724352 -60.9119
724551 -60.7617
724751 -60.613
724950 -60.4659
725150 -60.3196
725349 -60.1752
725549 -60.0321
725748 -59.8899
725948 -59.7496
726147 -59.6102
726347 -59.4724
726546 -59.3359
726746 -59.2001
726945 -59.0662
727144 -58.9331
727344 -58.8016
727543 -58.6712
727743 -58.5417
727942 -58.4137
728142 -58.2868
728341 -58.1609
728541 -58.0365
728740 -57.9127
728940 -57.7905
729139 -57.6691
729349 -57.5427
729584 -57.4026
729847 -57.2478
730141 -57.0769
730469 -56.8888
730836 -56.6813
731247 -56.454
731706 -56.2046
732220 -55.9318
732794 -55.6342
733436 -55.3093
734154 -54.9564
734957 -54.5731
735855 -54.1567
736859 -53.7069
737982 -53.2178
739238 -52.6927
740642 -52.1244
742212 -51.5194
743968 -50.8726
745932 -50.1931
748128 -49.4778
750583 -48.7389
753329 -47.9717
756400 -47.1952
759834 -46.3971
763674 -45.6022
767968 -44.7804
772769 -43.9604
778139 -43.1088
784143 -42.2756
790858 -41.4277
798367 -40.6383
806764 -39.8261
816153 -39.0604
