-7.89311e-37 -95.8474
6757.44 -96.9093
13449.9 -97.961
20078.1 -99.0026
26642.6 -100.034
33144 -101.056
39582.9 -102.067
45960 -103.07
52275.7 -104.063
58530.8 -105.046
64725.7 -106.019
70861.1 -106.983
76937.6 -107.938
82955.6 -108.884
88915.8 -109.821
94818.8 -110.748
100665 -111.667
106455 -112.577
112189 -113.477
117869 -114.37
123493 -115.254
129064 -116.13
134581 -116.997
140045 -117.856
145457 -118.705
150816 -119.548
156124 -120.382
161381 -121.209
166588 -122.026
171744 -122.837
176851 -123.639
181909 -124.434
186918 -125.221
191880 -126.001
196793 -126.773
201659 -127.538
206479 -128.296
211252 -129.045
215979 -129.788
220661 -130.523
225298 -131.253
229890 -131.974
234438 -132.689
238942 -133.396
243404 -134.098
247822 -134.792
252198 -135.48
256531 -136.161
260823 -136.836
265074 -137.503
269284 -138.165
273454 -138.82
277583 -139.469
281673 -140.111
285724 -140.749
289735 -141.379
293708 -142.003
297643 -142.622
301540 -143.234
305400 -143.84
309222 -144.441
313008 -145.036
316757 -145.625
320470 -146.208
324148 -146.786
327790 -147.359
331398 -147.926
334970 -148.487
338509 -149.043
342013 -149.594
345483 -150.14
348921 -150.68
352325 -151.215
355696 -151.745
359036 -152.269
362343 -152.789
365618 -153.303
368862 -153.813
372074 -154.318
375256 -154.818
378407 -155.313
381528 -155.803
384619 -156.289
387680 -156.77
390712 -157.247
393714 -157.718
396688 -158.186
399633 -158.648
402550 -159.107
405439 -159.561
408300 -160.011
411133 -160.456
413940 -160.897
416719 -161.334
419472 -161.766
422198 -162.195
424898 -162.62
427572 -163.04
430220 -163.456
432843 -163.867
435441 -164.276
438014 -164.68
440562 -165.081
443085 -165.478
445584 -165.871
448060 -166.259
450511 -166.644
452939 -167.026
455344 -167.404
457725 -167.778
460084 -168.148
462420 -168.516
464733 -168.879
467024 -169.24
469293 -169.595
471541 -169.949
473767 -170.299
475971 -170.646
478154 -170.988
480317 -171.328
482458 -171.665
484579 -171.998
486679 -172.328
488760 -172.655
490820 -172.979
492861 -173.299
494881 -173.617
496883 -173.932
498865 -174.243
500828 -174.552
502773 -174.857
504698 -175.16
506606 -175.46
508494 -175.756
510365 -176.05
512218 -176.342
514053 -176.629
515870 -176.916
517670 -177.198
519452 -177.478
521218 -177.756
522966 -178.03
524698 -178.303
526412 -178.572
528111 -178.839
529793 -179.103
531459 -179.365
533109 -179.625
534743 -179.881
536362 -180.136
537964 -180.387
539552 -180.637
541124 -180.884
542681 -181.129
544223 -181.371
545751 -181.611
547263 -181.849
548761 -182.084
550245 -182.317
551714 -182.549
553170 -182.777
554611 -183.004
556039 -183.228
557452 -183.45
558853 -183.67
560239 -183.888
561613 -184.104
562973 -184.317
564320 -184.529
565654 -184.738
566975 -184.947
568284 -185.152
569580 -185.356
570864 -185.558
572135 -185.757
573394 -185.955
574641 -186.151
575876 -186.345
577099 -186.537
578311 -186.727
579510 -186.916
580698 -187.103
581875 -187.288
583041 -187.471
584195 -187.652
585338 -187.832
586470 -188.01
587592 -188.187
588702 -188.361
589802 -188.533
590891 -188.705
591970 -188.874
593038 -189.042
594097 -189.209
595145 -189.373
596183 -189.536
597211 -189.698
598229 -189.858
599237 -190.016
600236 -190.173
601225 -190.329
602204 -190.482
603174 -190.635
604135 -190.786
605086 -190.935
606029 -191.084
606962 -191.23
607887 -191.375
608802 -191.52
609709 -191.662
610607 -191.803
611496 -191.942
612377 -192.082
613249 -192.218
614113 -192.354
614969 -192.489
615816 -192.622
616655 -192.754
617487 -192.884
618310 -193.014
619125 -193.142
619933 -193.268
620732 -193.394
621524 -193.519
622309 -193.642
623086 -193.764
623855 -193.885
624617 -194.005
625372 -194.123
626119 -194.241
626860 -194.358
627593 -194.473
628319 -194.586
629038 -194.699
629750 -194.811
630456 -194.923
631154 -195.032
631846 -195.141
632531 -195.248
633210 -195.355
633882 -195.461
634548 -195.565
635207 -195.669
635860 -195.771
636506 -195.873
637147 -195.974
637781 -196.073
638409 -196.172
639032 -196.27
639648 -196.367
640258 -196.463
640862 -196.558
641461 -196.651
642054 -196.745
642641 -196.837
643222 -196.929
643798 -197.019
644369 -197.108
644933 -197.197
645493 -197.286
646047 -197.373
646596 -197.459
647139 -197.544
647678 -197.628
648211 -197.713
648739 -197.796
649261 -197.878
649779 -197.959
650292 -198.039
650800 -198.119
651303 -198.199
651801 -198.277
652295 -198.354
652784 -198.431
653268 -198.507
653747 -198.582
654222 -198.658
654692 -198.731
655158 -198.804
655619 -198.877
656076 -198.948
656528 -199.019
656976 -199.089
657420 -199.16
657859 -199.229
658294 -199.297
658725 -199.365
659152 -199.432
659575 -199.498
659994 -199.564
660409 -199.63
660819 -199.694
661226 -199.758
661629 -199.821
662028 -199.884
662423 -199.946
662814 -200.007
663202 -200.069
663586 -200.129
663966 -200.189
664343 -200.248
664716 -200.306
665085 -200.364
665451 -200.421
665813 -200.478
666172 -200.535
666527 -200.591
666879 -200.646
667228 -200.701
667573 -200.755
667915 -200.809
668253 -200.862
668589 -200.915
668921 -200.967
669250 -201.019
669576 -201.07
669898 -201.121
670218 -201.171
670534 -201.221
670848 -201.27
671158 -201.318
671465 -201.367
671770 -201.414
672071 -201.462
672370 -201.51
672666 -201.556
672959 -201.602
673249 -201.647
673536 -201.692
673821 -201.737
674103 -201.781
674382 -201.825
674658 -201.868
674932 -201.911
675203 -201.955
675472 -201.997
675738 -202.039
676001 -202.08
676262 -202.121
676520 -202.161
676776 -202.201
677030 -202.241
677281 -202.281
677529 -202.32
677775 -202.358
678019 -202.396
678261 -202.435
678500 -202.473
678737 -202.51
678971 -202.547
679204 -202.583
679434 -202.619
679662 -202.655
679887 -202.69
680111 -202.725
680332 -202.76
680552 -202.794
680769 -202.829
680984 -202.862
681197 -202.896
681408 -202.93
681617 -202.963
681824 -202.995
682029 -203.027
682232 -203.059
682433 -203.09
682632 -203.122
682829 -203.153
683024 -203.183
683217 -203.213
683409 -203.244
683599 -203.273
683787 -203.303
683973 -203.332
684157 -203.361
684339 -203.39
684520 -203.419
684699 -203.447
684876 -203.475
685052 -203.502
685226 -203.53
685398 -203.557
685569 -203.583
685739 -203.61
685909 -203.637
686079 -203.663
686249 -203.69
686419 -202.755
686589 -200.527
686759 -198.421
686929 -196.388
687099 -194.417
687269 -192.506
687439 -190.651
687609 -188.851
687779 -187.101
687949 -185.401
688119 -183.747
688289 -182.139
688459 -180.571
688629 -179.046
688799 -177.56
688969 -176.111
689139 -174.697
689309 -173.318
689479 -171.973
689649 -170.659
689820 -169.376
689990 -168.13
690160 -166.904
690330 -165.706
690500 -164.534
690670 -163.387
690840 -162.265
691010 -161.167
691180 -160.09
691350 -159.037
691520 -158.005
691690 -156.993
691860 -156.001
692030 -155.029
692200 -154.074
692370 -153.139
692540 -152.22
692710 -151.319
692880 -150.434
693050 -149.565
693220 -148.712
693390 -147.878
693560 -147.055
693730 -146.245
693900 -145.449
694070 -144.667
694240 -143.898
694410 -143.141
694580 -142.397
694750 -141.664
694920 -140.945
695091 -140.235
695261 -139.538
695431 -138.85
695601 -138.174
695771 -137.507
695941 -136.85
696111 -136.204
696281 -135.567
696451 -134.94
696621 -134.321
696791 -133.712
696961 -133.114
697131 -132.521
697301 -131.936
697471 -131.36
697641 -130.792
697811 -130.231
697981 -129.679
698151 -129.132
698321 -128.594
698491 -128.062
698661 -127.538
698831 -127.02
699001 -126.51
699171 -126.004
699341 -125.506
699511 -125.014
699681 -124.528
699851 -124.048
700021 -123.574
700191 -123.105
700361 -122.645
700532 -122.188
700702 -121.736
700872 -121.29
701042 -120.848
701212 -120.412
701382 -119.98
701552 -119.554
701722 -119.133
701892 -118.716
702062 -118.303
702232 -117.896
702402 -117.493
702572 -117.094
702742 -116.699
702912 -116.309
703082 -115.924
703252 -115.541
703422 -115.163
703592 -114.789
703762 -114.421
703932 -114.055
704102 -113.693
704272 -113.334
704442 -112.978
704612 -112.627
704782 -112.279
704952 -111.934
705122 -111.593
705292 -111.255
705462 -110.92
705632 -110.589
705803 -110.261
705973 -109.936
706143 -109.614
706313 -109.295
706483 -108.979
706653 -108.666
706823 -108.356
706993 -108.049
707163 -107.744
707333 -107.445
707503 -107.145
707673 -106.85
707843 -106.556
708013 -106.264
708183 -105.976
708353 -105.691
708523 -105.408
708693 -105.127
708863 -104.848
709033 -104.572
709203 -104.299
709373 -104.028
709543 -103.758
709713 -103.491
709883 -103.227
710053 -102.965
710223 -102.704
710393 -102.446
710563 -102.19
710733 -101.938
710903 -101.687
711074 -101.436
711244 -101.189
711414 -100.943
711584 -100.7
711754 -100.458
711924 -100.218
712094 -99.9802
712264 -99.7436
712434 -99.5092
712604 -99.2767
712774 -99.046
712944 -98.8169
713114 -98.5897
713284 -98.3642
713454 -98.1404
713624 -97.9182
713794 -97.6977
713964 -97.479
714134 -97.262
714304 -97.0473
714474 -96.8332
714644 -96.6208
714814 -96.4098
714984 -96.2004
715154 -95.9924
715324 -95.786
715494 -95.5811
715664 -95.3775
715834 -95.1755
716004 -94.9749
716174 -94.7756
716345 -94.5777
716515 -94.3813
716685 -94.1862
716855 -93.9924
717025 -93.8
717195 -93.6088
717365 -93.4189
717535 -93.2303
717705 -93.0444
717875 -92.8581
718045 -92.6734
718215 -92.4898
718385 -92.3075
718555 -92.1264
718725 -91.9463
718895 -91.7676
719065 -91.59
719235 -91.4136
719405 -91.2382
719575 -91.064
719745 -90.891
719915 -90.719
720085 -90.5481
720255 -90.3783
720425 -90.2095
720595 -90.0419
720765 -89.8753
720935 -89.7097
721105 -89.5458
721275 -89.3826
721445 -89.2201
721615 -89.0585
721786 -88.898
721956 -88.7384
722126 -88.5799
722296 -88.4222
722466 -88.2654
722636 -88.1097
722806 -87.9549
722976 -87.801
723146 -87.648
723316 -87.4959
723486 -87.3447
723656 -87.1944
723826 -87.045
723996 -86.8965
724166 -86.7488
724336 -86.6019
724506 -86.4559
724676 -86.3117
724846 -86.1673
725016 -86.0238
725186 -85.8811
725356 -85.7392
725526 -85.5982
725696 -85.4579
725866 -85.3184
726036 -85.1796
726206 -85.0417
726376 -84.9045
726546 -84.768
726716 -84.6323
726886 -84.4974
727057 -84.3632
727227 -84.2297
727397 -84.097
727567 -83.9649
727737 -83.8337
727907 -83.703
728077 -83.5731
728247 -83.4447
728417 -83.3161
728587 -83.1882
728757 -83.0611
728927 -82.9346
729097 -82.8087
729267 -82.6835
729437 -82.559
729607 -82.4352
729777 -82.3119
729947 -82.1892
730117 -82.0673
730287 -81.946
730457 -81.8252
730627 -81.7051
730797 -81.5856
730967 -81.4667
731137 -81.3484
731307 -81.2307
731477 -81.1135
731647 -80.9978
731817 -80.8818
731987 -80.7665
732157 -80.6517
732328 -80.5375
732498 -80.4238
732668 -80.3106
732838 -80.1982
733008 -80.0861
733178 -79.9746
733348 -79.8637
733518 -79.7533
733688 -79.6435
733858 -79.5342
734028 -79.4254
734198 -79.3171
734368 -79.2093
734538 -79.1021
734708 -78.9954
734878 -78.8892
735048 -78.7836
735218 -78.6788
735388 -78.574
735558 -78.4698
735728 -78.3661
735898 -78.2627
736068 -78.1599
736238 -78.0576
736408 -77.9558
736578 -77.8544
736748 -77.7535
736918 -77.653
737088 -77.553
737258 -77.4534
737428 -77.3543
737598 -77.2556
737769 -77.1574
737939 -77.0596
738109 -76.9623
738279 -76.8654
738449 -76.7689
738619 -76.6736
738789 -76.5778
738959 -76.4827
739129 -76.3879
739299 -76.2935
739469 -76.1996
739639 -76.106
739809 -76.013
739979 -75.9202
740149 -75.8279
740319 -75.736
740489 -75.6445
740659 -75.5533
740829 -75.4626
740999 -75.3723
741169 -75.2823
741339 -75.1927
741509 -75.1035
741679 -75.0147
741849 -74.9262
742019 -74.8384
742189 -74.7509
742359 -74.6636
742529 -74.5766
742699 -74.49
742874 -74.4014
743060 -74.3075
743258 -74.2083
743468 -74.1032
743691 -73.992
743929 -73.8744
744181 -73.7501
744450 -73.6188
744736 -73.48
745040 -73.3335
745363 -73.1788
745706 -73.0162
746072 -72.8441
746460 -72.6627
746873 -72.4716
747313 -72.2704
747780 -72.0586
748277 -71.8358
748805 -71.6016
749367 -71.3561
749965 -71.0979
750600 -70.827
751276 -70.5431
751995 -70.2457
752759 -69.9349
753571 -69.6093
754435 -69.2693
755354 -68.9143
756332 -68.5446
757371 -68.159
758476 -67.7576
759651 -67.3407
760900 -66.9074
762229 -66.458
763642 -65.9927
765145 -65.5107
766743 -65.013
768442 -64.499
770250 -63.9694
772171 -63.4239
774215 -62.8634
776388 -62.2877
778699 -61.698
781156 -61.0942
783770 -60.4772
786549 -59.8473
789504 -59.2058
792647 -58.5532
795988 -57.8904
799542 -57.2182
803321 -56.5378
807340 -55.8501
811614 -55.1564
816158 -54.4574
820991 -53.7544
826130 -53.0488
831596 -52.3414
837407 -51.6337
843588 -50.9268
850160 -50.2219
