0 1527.82
9884.07 1527.52
19600.7 1526.63
29152.8 1525.19
38543.1 1523.23
47774.3 1520.78
56849.2 1517.85
65770.4 1514.49
74540.4 1510.69
83161.9 1506.49
91637.4 1501.9
99969.3 1496.95
108160 1491.63
116212 1486
124128 1480.03
131909 1473.77
139559 1467.21
147079 1460.39
154472 1453.3
161740 1445.99
168884 1438.45
175908 1430.73
182813 1422.85
189600 1414.87
196273 1406.82
202832 1398.78
209281 1390.79
215620 1382.9
221852 1375.15
227978 1367.56
234001 1360.14
239922 1352.88
245742 1345.79
251464 1338.86
257088 1332.05
262618 1325.38
268054 1318.85
273397 1312.39
278651 1306.17
283815 1299.94
288892 1293.93
293883 1287.92
298789 1282.08
303612 1276.31
308354 1270.61
313015 1265
317597 1259.5
322102 1254.02
326530 1248.74
330883 1243.37
335163 1238.22
339370 1233.04
343506 1227.99
347572 1223.02
351569 1218.07
355498 1213.22
359360 1208.43
363158 1203.7
366891 1199.02
370560 1194.45
374168 1189.85
377714 1185.48
381201 1180.97
384628 1176.68
387997 1172.34
391309 1168.11
394565 1163.95
397766 1159.81
400913 1155.72
404006 1151.74
407047 1147.71
410037 1143.9
412976 1139.96
415865 1136.2
418705 1132.4
421497 1128.7
424242 1125.08
426940 1121.45
429593 1117.88
432200 1114.37
434764 1110.9
437284 1107.45
439761 1104.11
442197 1100.72
444591 1097.52
446944 1094.21
449258 1091.05
451533 1087.86
453769 1084.75
455967 1081.69
458128 1078.66
460252 1075.64
462340 1072.72
464393 1069.75
466412 1066.95
468396 1064.05
470346 1061.29
472263 1058.5
474148 1055.77
476001 1053.11
477823 1050.45
479614 1047.82
481374 1045.24
483104 1042.7
484806 1040.16
486478 1037.71
488122 1035.22
489739 1032.87
491327 1030.45
492889 1028.13
494425 1025.79
495934 1023.51
497418 1021.27
498877 1019.05
500311 1016.84
501721 1014.7
503107 1012.53
504470 1010.48
505809 1008.37
507126 1006.35
508420 1004.32
509692 1002.33
510943 1000.38
512173 998.439
513382 996.536
514570 994.652
515739 992.802
516887 990.954
518016 989.17
519126 987.361
520217 985.646
521290 983.894
522344 982.209
523381 980.52
524400 978.864
525402 977.237
526387 975.629
527355 974.035
528307 972.486
529242 970.924
530162 969.431
531066 967.916
531955 966.45
532829 964.993
533688 963.555
534532 962.154
535363 960.755
536179 959.386
536981 958.035
537770 956.705
538545 955.384
539307 954.1
540057 952.809
540793 951.572
541517 950.323
542229 949.109
542929 947.908
543617 946.723
544293 945.565
544958 944.418
545612 943.282
546254 942.175
546886 941.068
547507 939.999
548117 938.929
548717 937.88
549307 936.848
549887 935.825
550457 934.83
551018 933.841
551568 932.869
552110 931.911
552643 930.968
553166 930.034
553681 929.125
554186 928.216
554684 927.336
555173 926.459
555653 925.597
556126 924.753
556590 923.912
557047 923.096
557495 922.287
557937 921.488
558370 920.71
558797 919.931
559216 919.177
559628 918.428
560033 917.691
560431 916.967
560823 916.254
561208 915.546
561586 914.86
561958 914.172
562324 913.506
562683 912.846
563036 912.193
563384 911.559
563725 910.923
564061 910.306
564391 909.697
564715 909.093
565034 908.508
565348 907.92
565656 907.352
565959 906.79
566257 906.232
566550 905.694
566838 905.149
567121 904.626
567399 904.105
567672 903.594
567941 903.091
568205 902.597
568465 902.105
568721 901.633
568972 901.154
569219 900.692
569461 900.237
569700 899.782
569934 899.348
570165 898.906
570392 898.48
570614 898.061
570833 897.641
571049 897.242
571260 896.833
571468 896.44
571673 896.056
571874 895.666
572074 895.296
572274 894.906
572474 894.531
572674 894.149
572874 893.767
573074 893.386
573274 893.006
573474 892.617
573674 892.244
573874 891.854
574074 891.473
574274 891.093
574473 890.703
574673 890.328
574873 889.936
575073 889.554
575273 889.173
575473 888.781
575673 888.405
575873 888.012
576073 887.628
576273 887.245
576473 886.851
576673 886.474
576873 886.078
577073 885.695
577273 885.306
577473 884.917
577673 884.529
577873 884.142
578073 883.747
578273 883.366
578473 882.969
578673 882.581
578872 882.194
579072 881.796
579272 881.414
579472 881.015
579672 880.626
579872 880.237
580072 879.838
580272 879.454
580472 879.054
580672 878.662
580872 878.272
581072 877.87
581272 877.486
581472 877.082
581672 876.692
581872 876.295
582072 875.899
582272 875.503
582472 875.109
582672 874.705
582872 874.317
583072 873.912
583272 873.516
583471 873.121
583671 872.716
583871 872.326
584071 871.919
584271 871.521
584471 871.124
584671 870.717
584871 870.325
585071 869.917
585271 869.517
585471 869.119
585671 868.709
585871 868.317
586071 867.905
586271 867.506
586471 867.101
586671 866.697
586871 866.292
587071 865.889
587271 865.478
587471 865.081
587671 864.667
587871 864.263
588070 863.859
588270 863.444
588470 863.046
588670 862.63
588870 862.223
589070 861.816
589270 861.4
589470 860.998
589670 860.58
589870 860.17
590070 859.761
590270 859.342
590470 858.938
590670 858.516
590870 858.106
591070 857.69
591270 857.274
591470 856.858
591670 856.444
591870 856.02
592070 855.611
592270 855.185
592470 854.768
592669 854.352
592869 853.925
593069 853.513
593269 853.084
593469 852.664
593669 852.244
593869 851.814
594069 851.399
594269 850.967
594469 850.543
594669 850.121
594869 849.687
595069 849.269
595269 848.832
595469 848.407
595669 847.977
595869 847.546
596069 847.115
596269 846.685
596469 846.246
596669 845.821
596869 845.38
597068 844.947
597268 844.514
597468 844.071
597668 843.643
597868 843.198
598068 842.761
598268 842.325
598468 841.877
598668 841.446
598868 840.995
599068 840.556
599268 840.111
599468 839.666
599668 839.22
599868 838.776
600068 838.322
600268 837.883
600468 837.426
600668 836.977
600868 836.529
601068 836.07
601268 835.626
601468 835.165
601667 834.712
601867 834.259
602067 833.796
602267 833.347
602467 832.881
602667 832.423
602867 831.965
603067 831.496
603267 831.044
603467 830.571
603667 830.111
603867 829.644
604067 829.176
604267 828.708
604467 828.242
604667 827.765
604867 827.303
605067 826.824
605267 826.353
605467 825.882
605667 825.4
605867 824.933
606067 824.449
606266 823.972
606466 823.496
606666 823.009
606866 822.537
607066 822.047
607266 821.565
607466 821.084
607666 820.59
607866 820.113
608066 819.616
608266 819.132
608466 818.64
608666 818.148
608866 817.655
609066 817.164
609266 816.663
609466 816.175
609666 815.671
609866 815.174
610066 814.678
610266 814.17
610466 813.677
610665 813.167
610865 812.665
611065 812.162
611265 811.649
611465 811.15
611665 810.634
611865 810.125
612065 809.617
612265 809.097
612465 808.593
612665 808.069
612865 807.557
613065 807.038
613265 806.518
613465 805.997
613665 805.478
613865 804.949
614065 804.433
614265 803.9
614465 803.375
614665 802.85
614865 802.314
615065 801.792
615264 801.253
615464 800.721
615664 800.189
615864 799.647
616064 799.118
616264 798.572
616464 798.033
616664 797.495
616864 796.945
617064 796.41
617264 795.855
617464 795.313
617664 794.763
617864 794.212
618064 793.66
618264 793.109
618464 792.548
618664 792.001
618864 791.436
619064 790.879
619264 790.321
619464 789.753
619664 789.198
619863 788.626
620063 788.061
620263 787.496
620463 786.921
620663 786.358
620863 785.779
621063 785.206
621263 784.634
621463 784.049
621663 783.48
621863 782.89
622063 782.312
622263 781.727
622463 781.141
622663 780.554
622863 779.967
623063 779.37
623263 778.787
623463 778.186
623663 777.592
623863 776.998
624063 776.393
624263 775.801
624462 775.192
624662 774.589
624862 773.986
625062 773.373
625262 772.771
625462 772.154
625662 771.542
625862 770.931
626062 770.307
626262 769.699
626462 769.07
626662 768.452
626862 767.827
627062 767.2
627262 766.572
627462 765.945
627662 765.307
627862 764.682
628062 764.04
628262 763.404
628462 762.768
628662 762.12
628861 761.485
629061 760.834
629261 760.188
629461 759.542
629661 758.884
629861 758.239
630061 757.578
630261 756.921
630461 756.266
630661 755.597
630861 754.943
631061 754.268
631261 753.605
631461 752.933
631661 752.26
631861 751.585
632061 750.911
632261 750.226
632461 749.552
632661 748.863
632861 748.178
633061 747.494
633261 746.797
633460 746.113
633660 745.412
633860 744.716
634060 744.02
634260 743.311
634460 742.616
634660 741.902
634860 741.197
635060 740.484
635260 739.77
635460 739.053
635660 738.336
635860 737.609
636060 736.892
636260 736.159
636460 735.431
636660 734.703
636860 733.962
637060 733.233
637260 732.488
637460 731.747
637660 731.005
637860 730.252
638059 729.509
638259 728.751
638459 727.996
638659 727.242
638859 726.473
639059 725.719
639259 724.944
639459 724.178
639659 723.405
639859 722.629
640059 721.85
640259 721.071
640459 720.28
640659 719.501
640859 718.705
641059 717.912
641259 717.119
641459 716.314
641659 715.519
641859 714.708
642059 713.901
642259 713.092
642458 712.271
642658 711.46
642858 710.633
643058 709.809
643258 708.985
643458 708.147
643658 707.321
643858 706.475
644058 705.638
644258 704.792
644458 703.943
644658 703.09
644858 702.237
645058 701.371
645258 700.516
645458 699.644
645658 698.775
645858 697.905
646058 697.022
646258 696.149
646458 695.258
646658 694.371
646858 693.482
647057 692.58
647257 691.687
647457 690.778
647657 689.871
647857 688.963
648057 688.04
648257 687.129
648457 686.197
648657 685.273
648857 684.34
649057 683.403
649257 682.461
649457 681.519
649657 680.563
649857 679.616
650057 678.652
650257 677.69
650457 676.726
650657 675.749
650857 674.78
651057 673.794
651257 672.81
651457 671.823
651656 670.823
651856 669.83
652056 668.821
652256 667.812
652456 666.802
652656 665.776
652856 664.761
653056 663.724
653256 662.694
653456 661.653
653656 660.608
653856 659.557
654056 658.504
654256 657.437
654456 656.378
654656 655.301
654856 654.225
655056 653.145
655256 652.051
655456 650.965
655656 649.86
655856 648.755
656055 647.647
656255 646.525
656455 645.408
656655 644.275
656855 643.139
657055 642.002
657255 640.848
657455 639.702
657655 638.534
657855 637.371
658055 636.197
658255 635.017
658455 633.829
658655 632.638
658855 631.432
659055 630.231
659255 629.012
659455 627.791
659655 626.566
659855 625.325
660055 624.089
660255 622.835
660455 621.577
660654 620.316
660854 619.038
661054 617.765
661254 616.472
661454 615.177
661654 613.877
661854 612.559
662054 611.246
662254 609.912
662454 608.579
662654 607.233
662854 605.879
663054 604.516
663254 603.147
663454 601.76
663654 600.377
663854 598.975
664054 597.567
664254 596.154
664454 594.722
664654 593.293
664854 591.843
665054 590.388
665253 588.927
665453 587.445
665653 585.968
665853 584.466
666053 582.963
666253 581.446
666453 579.918
666653 578.379
666853 576.831
667053 575.265
667253 573.698
667453 572.111
667653 570.515
667853 568.912
668053 567.287
668253 565.662
668453 564.013
668653 562.357
668853 560.691
669053 559.004
669253 557.314
669453 555.603
669653 553.88
669852 552.149
670052 550.393
670252 548.638
670452 546.854
670652 545.065
670852 543.257
671052 541.435
671252 539.597
671452 537.747
671652 535.872
671852 533.993
672052 532.088
672252 530.171
672452 528.24
672652 526.283
672852 524.321
673052 522.33
673252 520.327
673452 518.307
673652 516.262
673852 514.208
674052 512.126
674251 510.027
674451 507.914
674651 505.768
674851 503.618
675051 501.431
675251 499.233
675451 497.009
675651 494.764
675851 492.495
676051 490.206
676251 487.886
676451 485.553
676651 483.186
676851 480.798
677051 478.389
677251 475.943
677451 473.484
677651 470.986
677851 468.466
678051 465.92
678251 463.338
678451 460.736
678651 458.096
678850 455.427
679050 452.733
679250 449.994
679450 447.239
679650 444.435
679850 441.607
680050 438.738
680250 435.835
680450 432.892
680650 429.917
680850 426.893
681050 423.842
681250 420.74
681450 417.599
681650 414.421
681850 411.187
682050 407.921
682250 404.597
682450 401.228
682650 397.814
682850 394.34
683050 390.823
683250 387.246
683449 383.611
683649 379.929
683849 376.17
684049 372.37
684249 368.488
684449 364.552
684649 360.542
684849 356.465
685049 352.31
685249 348.087
685449 343.773
685649 339.393
685849 334.917
686049 330.352
686249 325.707
686448 320.957
686648 316.125
686847 311.172
687047 306.116
687246 300.943
687446 295.645
687645 290.223
687845 284.674
688044 278.96
688244 273.142
688443 267.11
688643 260.99
688842 254.623
689042 248.162
689241 241.43
689441 234.62
689640 227.489
689840 220.328
690039 212.75
690239 205.204
690438 197.141
690638 189.142
690837 180.488
691037 171.993
691236 162.579
691436 153.541
691635 143.152
691835 133.514
692034 121.942
692234 111.452
692433 98.6124
692633 86.9548
692832 73.0892
693032 59.8304
693231 43.9869
693431 25.018
693630 16.4424
693830 16.2984
694029 17.483
694228 16.979
694428 16.021
694627 15.4413
694827 15.127
695026 14.7778
695226 14.39
695425 14.0366
695625 13.7263
695824 13.4371
696024 13.1608
696223 12.8998
696423 12.6567
696622 12.4271
696822 12.2102
697021 12.0049
697221 11.8102
697420 11.6262
697620 11.451
697819 11.2847
698019 11.1263
698218 10.9755
698418 10.8317
698617 10.6942
698817 10.563
699016 10.4372
699216 10.3167
699415 10.201
699615 10.0897
699814 9.98265
700014 9.87923
700213 9.7794
700413 9.68245
700612 9.58896
700812 9.4974
701011 9.4092
701211 9.32267
701410 9.2387
701610 9.15661
701809 9.07667
702009 8.99826
702208 8.9225
702408 8.84751
702607 8.77526
702807 8.70429
703006 8.63508
703206 8.56791
703405 8.50157
703605 8.43782
703804 8.37509
704004 8.31404
704203 8.25468
704403 8.19611
704602 8.13969
704802 8.0842
705001 8.03001
705200 7.97742
705400 7.92513
705599 7.87508
705799 7.82525
705998 7.7771
706198 7.72952
706397 7.68323
706597 7.6375
706796 7.59331
706996 7.54929
707195 7.50687
707395 7.46476
707594 7.42377
707794 7.38363
707993 7.34382
708193 7.30543
708392 7.2673
708592 7.23019
708791 7.19377
708991 7.15775
709190 7.12289
709390 7.08832
709589 7.05463
709789 7.02156
709988 6.98887
710188 6.9572
710387 6.92567
710587 6.89512
710786 6.86483
710986 6.83525
711185 6.80611
711385 6.77747
711584 6.74935
711784 6.72182
711983 6.6944
712183 6.6678
712382 6.64136
712582 6.61546
712781 6.59
712981 6.56459
713180 6.53996
713380 6.51537
713579 6.49128
713779 6.46752
713978 6.44382
714178 6.42073
714377 6.39776
714577 6.37507
714776 6.35282
714976 6.33048
715175 6.30876
715375 6.28703
715574 6.26572
715774 6.2445
715973 6.22361
716172 6.20284
716372 6.18249
716571 6.16212
716771 6.14208
716970 6.1223
717170 6.10249
717369 6.08322
717569 6.0639
717768 6.04488
717968 6.02611
718167 6.00727
718367 5.98897
718566 5.97071
718766 5.95253
718965 5.93485
719165 5.91677
719364 5.89954
719564 5.88208
719763 5.8649
719963 5.84789
720162 5.83103
720362 5.81419
720561 5.79802
720761 5.78136
720960 5.76538
721160 5.74936
721359 5.7334
721559 5.71787
721758 5.70197
721958 5.68681
722157 5.67156
722357 5.65637
722556 5.64156
722756 5.62646
722955 5.61198
723155 5.59752
723354 5.58299
723554 5.56897
723753 5.55447
723953 5.54079
724152 5.52689
724352 5.51316
724551 5.49958
724751 5.4861
724950 5.47263
725150 5.45971
725349 5.44639
725549 5.43359
725748 5.42072
725948 5.40797
726147 5.39547
726347 5.38277
726546 5.37057
726746 5.35827
726945 5.34613
727144 5.33415
727344 5.32209
727543 5.3104
727743 5.29866
727942 5.28708
728142 5.27564
728341 5.26411
728541 5.25297
728740 5.24167
728940 5.23072
729139 5.21965
729349 5.20825
729584 5.19555
729847 5.18151
730141 5.16608
730469 5.14906
730836 5.13022
731247 5.10975
731706 5.0871
732220 5.06245
732794 5.03549
733436 5.00607
734154 4.97418
734957 4.93944
735855 4.90179
736859 4.86105
737982 4.81678
739238 4.76928
740642 4.71782
742212 4.66308
743968 4.60452
745932 4.54302
748128 4.47829
750583 4.41139
753329 4.34197
756400 4.27167
759834 4.19944
763674 4.1275
767968 4.05311
772769 3.97889
778139 3.90183
784143 3.8264
790858 3.74966
798367 3.6782
806764 3.60472
816153 3.53536
