-4.61849e-36 1507.36
6757.44 1507.18
13449.9 1506.63
20078.1 1505.72
26642.6 1504.48
33144 1502.89
39582.9 1500.97
45960 1498.74
52275.7 1496.19
58530.8 1493.33
64725.7 1490.16
70861.1 1486.7
76937.6 1482.94
82955.6 1478.89
88915.8 1474.55
94818.8 1469.93
100665 1465.02
106455 1459.83
112189 1454.36
117869 1448.61
123493 1442.57
129064 1436.25
134581 1429.66
140045 1422.78
145457 1415.61
150816 1408.17
156124 1400.43
161381 1392.4
166588 1384.09
171744 1375.5
176851 1366.63
181909 1357.49
186918 1348.08
191880 1338.43
196793 1328.56
201659 1318.49
206479 1308.27
211252 1297.92
215979 1287.5
220661 1277.03
225298 1266.56
229890 1256.14
234438 1245.79
238942 1235.53
243404 1225.4
247822 1215.41
252198 1205.56
256531 1195.88
260823 1186.36
265074 1177
269284 1167.81
273454 1158.73
277583 1149.81
281673 1141.05
285724 1132.45
289735 1123.99
293708 1115.68
297643 1107.51
301540 1099.47
305400 1091.56
309222 1083.78
313008 1076.11
316757 1068.57
320470 1061.13
324148 1053.81
327790 1046.59
331398 1039.47
334970 1032.44
338509 1025.52
342013 1018.69
345483 1011.95
348921 1005.3
352325 998.725
355696 992.237
359036 985.829
362343 979.498
365618 973.243
368862 967.06
372074 960.951
375256 954.911
378407 948.938
381528 943.032
384619 937.191
387680 931.413
390712 925.695
393714 920.04
396688 914.443
399633 908.904
402550 903.423
405439 897.996
408300 892.621
411133 887.302
413940 882.035
416719 876.819
419472 871.653
422198 866.535
424898 861.467
427572 856.446
430220 851.472
432843 846.544
435441 841.659
438014 836.82
440562 832.025
443085 827.272
445584 822.56
448060 817.89
450511 813.262
452939 808.672
455344 804.124
457725 799.614
460084 795.141
462420 790.708
464733 786.312
467024 781.951
469293 777.627
471541 773.34
473767 769.087
475971 764.869
478154 760.686
480317 756.535
482458 752.42
484579 748.335
486679 744.285
488760 740.267
490820 736.279
492861 732.324
494881 728.398
496883 724.505
498865 720.643
500828 716.808
502773 713.004
504698 709.228
506606 705.483
508494 701.765
510365 698.076
512218 694.414
514053 690.781
515870 687.173
517670 683.595
519452 680.042
521218 676.516
522966 673.015
524698 669.542
526412 666.092
528111 662.671
529793 659.272
531459 655.9
533109 652.551
534743 649.227
536362 645.927
537964 642.652
539552 639.399
541124 636.171
542681 632.965
544223 629.783
545751 626.623
547263 623.485
548761 620.371
550245 617.279
551714 614.209
553170 611.16
554611 608.134
556039 605.128
557452 602.142
558853 599.18
560239 596.238
561613 593.317
562973 590.415
564320 587.534
565654 584.674
566975 581.832
568284 579.013
569580 576.211
570864 573.429
572135 570.668
573394 567.924
574641 565.199
575876 562.495
577099 559.808
578311 557.139
579510 554.491
580698 551.859
581875 549.246
583041 546.652
584195 544.074
585338 541.514
586470 538.974
587592 536.448
588702 533.926
589802 531.409
590891 528.893
591970 526.38
593038 523.873
594097 521.365
595145 518.862
596183 516.362
597211 513.863
598229 511.369
599237 508.876
600236 506.389
601225 503.902
602204 501.418
603174 498.939
604135 496.461
605086 493.986
606029 491.513
606962 489.047
607887 486.58
608802 484.117
609709 481.656
610607 479.2
611496 476.744
612377 474.293
613249 471.843
614113 469.399
614969 466.955
615816 464.514
616655 462.075
617487 459.642
618310 457.21
619125 454.779
619933 452.352
620732 449.929
621524 447.507
622309 445.087
623086 442.671
623855 440.257
624617 437.847
625372 435.437
626119 433.031
626860 430.626
627593 428.228
628319 425.829
629038 423.431
629750 421.037
630456 418.645
631154 416.258
631846 413.87
632531 411.485
633210 409.101
633882 406.721
634548 404.345
635207 401.969
635860 399.594
636506 397.221
637147 394.851
637781 392.486
638409 390.12
639032 387.755
639648 385.392
640258 383.031
640862 380.672
641461 378.318
642054 375.963
642641 373.609
643222 371.257
643798 368.906
644369 366.556
644933 364.213
645493 361.866
646047 359.521
646596 357.177
647139 354.835
647678 352.494
648211 350.158
648739 347.819
649261 345.481
649779 343.144
650292 340.808
650800 338.472
651303 336.138
651801 333.809
652295 331.476
652784 329.143
653268 326.812
653747 324.48
654222 322.149
654692 319.818
655158 317.493
655619 315.162
656076 312.832
656528 310.502
656976 308.171
657420 305.841
657859 303.51
658294 301.179
658725 298.853
659152 296.521
659575 294.188
659994 291.854
660409 289.52
660819 287.185
661226 284.85
661629 282.512
662028 280.178
662423 277.841
662814 275.5
663202 273.157
663586 270.813
663966 268.466
664343 266.119
664716 263.769
665085 261.416
665451 259.063
665813 256.712
666172 254.352
666527 251.99
666879 249.625
667228 247.257
667573 244.885
667915 242.511
668253 240.133
668589 237.751
668921 235.367
669250 232.984
669576 230.59
669898 228.192
670218 225.789
670534 223.382
670848 220.97
671158 218.552
671465 216.128
671770 213.7
672071 211.265
672370 208.824
672666 206.386
672959 203.932
673249 201.471
673536 199.003
673821 196.527
674103 194.044
674382 191.554
674658 189.054
674932 186.545
675203 184.028
675472 181.501
675738 178.964
676001 176.423
676262 173.87
676520 171.301
676776 168.721
677030 166.13
677281 163.526
677529 160.909
677775 158.278
678019 155.634
678261 152.975
678500 150.301
678737 147.612
678971 144.906
679204 142.183
679434 139.445
679662 136.696
679887 133.918
680111 131.12
680332 128.301
680552 125.46
680769 122.596
680984 119.709
681197 116.796
681408 113.857
681617 110.892
681824 107.897
682029 104.872
682232 101.816
682433 98.7267
682632 95.6025
682829 92.4404
683024 89.2609
683217 86.0197
683409 82.7371
683599 79.4091
683787 76.0332
683973 72.6063
684157 69.1255
684339 65.5871
684520 61.9876
684699 58.3227
684876 54.588
685052 50.7784
685226 46.8883
685398 42.9115
685569 38.8411
685739 34.6418
685909 30.2878
686079 25.7662
686249 21.0521
686419 18.3329
686589 18.145
686759 17.9572
686929 17.7729
687099 17.5942
687269 17.4209
687439 17.253
687609 17.0898
687779 16.9314
687949 16.7775
688119 16.6277
688289 16.4821
688459 16.3404
688629 16.2024
688799 16.068
688969 15.937
689139 15.8091
689309 15.6846
689479 15.5629
689649 15.4442
689820 15.3282
689990 15.2156
690160 15.1048
690330 14.9965
690500 14.8906
690670 14.787
690840 14.6855
691010 14.5863
691180 14.489
691350 14.3937
691520 14.3004
691690 14.2089
691860 14.1193
692030 14.0313
692200 13.945
692370 13.8604
692540 13.7773
692710 13.6957
692880 13.6157
693050 13.5371
693220 13.4598
693390 13.3844
693560 13.3099
693730 13.2367
693900 13.1646
694070 13.0938
694240 13.0241
694410 12.9557
694580 12.8883
694750 12.822
694920 12.7568
695091 12.6926
695261 12.6294
695431 12.5672
695601 12.5059
695771 12.4457
695941 12.3863
696111 12.3278
696281 12.2701
696451 12.2133
696621 12.1573
696791 12.1022
696961 12.048
697131 11.9944
697301 11.9414
697471 11.8893
697641 11.8379
697811 11.7871
697981 11.7371
698151 11.6877
698321 11.639
698491 11.5909
698661 11.5434
698831 11.4965
699001 11.4502
699171 11.4046
699341 11.3595
699511 11.315
699681 11.271
699851 11.2275
700021 11.1847
700191 11.1423
700361 11.1006
700532 11.0592
700702 11.0183
700872 10.9779
701042 10.938
701212 10.8985
701382 10.8595
701552 10.8208
701722 10.7827
701892 10.745
702062 10.7077
702232 10.6707
702402 10.6343
702572 10.5982
702742 10.5625
702912 10.5272
703082 10.4923
703252 10.4577
703422 10.4235
703592 10.3896
703762 10.3563
703932 10.3232
704102 10.2904
704272 10.2578
704442 10.2258
704612 10.1939
704782 10.1624
704952 10.1312
705122 10.1003
705292 10.0697
705462 10.0395
705632 10.0095
705803 9.97975
705973 9.95033
706143 9.92119
706313 9.89232
706483 9.86373
706653 9.83541
706823 9.80734
706993 9.77954
707163 9.75198
707333 9.72486
707503 9.6978
707673 9.67099
707843 9.64442
708013 9.61809
708183 9.59199
708353 9.56612
708523 9.54048
708693 9.51506
708863 9.48986
709033 9.46489
709203 9.44012
709373 9.41555
709543 9.39121
709713 9.36706
709883 9.34312
710053 9.31938
710223 9.29583
710393 9.27248
710563 9.24931
710733 9.22649
710903 9.2037
711074 9.1811
711244 9.15869
711414 9.13644
711584 9.11438
711754 9.09249
711924 9.07078
712094 9.04923
712264 9.02785
712434 9.00665
712604 8.9856
712774 8.96471
712944 8.94399
713114 8.92342
713284 8.903
713454 8.88275
713624 8.86264
713794 8.84269
713964 8.82288
714134 8.80325
714304 8.78382
714474 8.76444
714644 8.74521
714814 8.72612
714984 8.70716
715154 8.68835
715324 8.66966
715494 8.65111
715664 8.63269
715834 8.6144
716004 8.59624
716174 8.57821
716345 8.5603
716515 8.54251
716685 8.52485
716855 8.50732
717025 8.4899
717195 8.4726
717365 8.45541
717535 8.43834
717705 8.42151
717875 8.40467
718045 8.38793
718215 8.37132
718385 8.35482
718555 8.33842
718725 8.32213
718895 8.30595
719065 8.28988
719235 8.27391
719405 8.25804
719575 8.24227
719745 8.2266
719915 8.21104
720085 8.19558
720255 8.18021
720425 8.16494
720595 8.14976
720765 8.13468
720935 8.11969
721105 8.10486
721275 8.09008
721445 8.07537
721615 8.06075
721786 8.04623
721956 8.03178
722126 8.01743
722296 8.00316
722466 7.98898
722636 7.97488
722806 7.96086
722976 7.94693
723146 7.93309
723316 7.91933
723486 7.90564
723656 7.89203
723826 7.87851
723996 7.86507
724166 7.8517
724336 7.83841
724506 7.82519
724676 7.81214
724846 7.79907
725016 7.78608
725186 7.77317
725356 7.76033
725526 7.74756
725696 7.73486
725866 7.72223
726036 7.70967
726206 7.69719
726376 7.68477
726546 7.67242
726716 7.66014
726886 7.64792
727057 7.63578
727227 7.6237
727397 7.61168
727567 7.59974
727737 7.58785
727907 7.57603
728077 7.56427
728247 7.55264
728417 7.541
728587 7.52944
728757 7.51792
728927 7.50648
729097 7.49509
729267 7.48375
729437 7.47248
729607 7.46127
729777 7.45012
729947 7.43902
730117 7.42798
730287 7.41699
730457 7.40607
730627 7.39519
730797 7.38438
730967 7.37362
731137 7.36291
731307 7.35225
731477 7.34166
731647 7.33117
731817 7.32068
731987 7.31024
732157 7.29984
732328 7.28951
732498 7.27922
732668 7.26898
732838 7.25879
733008 7.24865
733178 7.23857
733348 7.22853
733518 7.21854
733688 7.2086
733858 7.1987
734028 7.18886
734198 7.17905
734368 7.16931
734538 7.1596
734708 7.14993
734878 7.14032
735048 7.13076
735218 7.12128
735388 7.11181
735558 7.10237
735728 7.09297
735898 7.08362
736068 7.07432
736238 7.06506
736408 7.05584
736578 7.04666
736748 7.03753
736918 7.02843
737088 7.01938
737258 7.01037
737428 7.0014
737598 6.99247
737769 6.98358
737939 6.97474
738109 6.96592
738279 6.95715
738449 6.94842
738619 6.93978
738789 6.93113
738959 6.92251
739129 6.91393
739299 6.90539
739469 6.89689
739639 6.88842
739809 6.87999
739979 6.8716
740149 6.86325
740319 6.85492
740489 6.84664
740659 6.83839
740829 6.83018
740999 6.822
741169 6.81386
741339 6.80575
741509 6.79768
741679 6.78963
741849 6.78164
742019 6.77369
742189 6.76577
742359 6.75786
742529 6.74999
742699 6.74215
742874 6.73413
743060 6.72564
743258 6.71665
743468 6.70714
743691 6.69708
743929 6.68644
744181 6.67518
744450 6.6633
744736 6.65074
745040 6.63748
745363 6.62348
745706 6.60876
746072 6.59318
746460 6.57676
746873 6.55947
747313 6.54125
747780 6.52208
748277 6.50192
748805 6.48072
749367 6.4585
749965 6.43513
750600 6.41062
751276 6.38491
751995 6.35799
752759 6.32986
753571 6.30041
754435 6.26963
755354 6.2375
756332 6.20403
757371 6.16912
758476 6.1328
759651 6.09506
760900 6.05585
762229 6.01517
763642 5.97305
765145 5.92943
766743 5.88439
768442 5.83786
770250 5.78992
772171 5.74055
774215 5.68982
776388 5.63772
778699 5.58434
781156 5.52969
783770 5.47384
786549 5.41683
789504 5.35876
792647 5.2997
795988 5.23971
799542 5.17887
803321 5.11729
807340 5.05504
811614 4.99225
816158 4.92899
820991 4.86536
826130 4.80149
831596 4.73746
837407 4.67343
843588 4.60946
850160 4.54556
