0 271.459
9884.07 271.463
19600.7 271.473
29152.8 271.483
38543.1 271.497
47774.3 271.515
56849.2 271.533
65770.4 271.558
74540.4 271.583
83161.9 271.611
91637.4 271.643
99969.3 271.676
108160 271.713
116212 271.753
124128 271.792
131909 271.838
139559 271.883
147079 271.931
154472 271.983
161740 272.035
168884 272.089
175908 272.143
182813 272.198
189600 272.251
196273 272.302
202832 272.349
209281 272.391
215620 272.43
221852 272.46
227978 272.491
234001 272.512
239922 272.534
245742 272.552
251464 272.565
257088 272.578
262618 272.592
268054 272.596
273397 272.613
278651 272.618
283815 272.627
288892 272.636
293883 272.636
298789 272.649
303612 272.649
308354 272.655
313015 272.663
317597 272.659
322102 272.672
326530 272.67
330883 272.674
335163 272.681
339370 272.676
343506 272.688
347572 272.684
351569 272.689
355498 272.693
359360 272.692
363158 272.694
366891 272.701
370560 272.694
374168 272.705
377714 272.702
381201 272.703
384628 272.711
387997 272.702
391309 272.713
394565 272.71
397766 272.71
400913 272.717
404006 272.709
407047 272.719
410037 272.716
412976 272.715
415865 272.723
418705 272.714
421497 272.725
424242 272.72
426940 272.722
429593 272.724
432200 272.723
434764 272.722
437284 272.729
439761 272.72
442197 272.73
444591 272.727
446944 272.725
449258 272.732
451533 272.723
453769 272.732
455967 272.73
458128 272.727
460252 272.734
462340 272.726
464393 272.734
466412 272.732
468396 272.729
470346 272.737
472263 272.727
474148 272.737
476001 272.732
477823 272.733
479614 272.734
481374 272.734
483104 272.731
484806 272.738
486478 272.73
488122 272.737
489739 272.736
491327 272.733
492889 272.739
494425 272.731
495934 272.738
497418 272.736
498877 272.734
500311 272.74
501721 272.732
503107 272.738
504470 272.738
505809 272.734
507126 272.741
508420 272.732
509692 272.74
510943 272.736
512173 272.737
513382 272.738
514570 272.737
515739 272.735
516887 272.74
518016 272.734
519126 272.739
520217 272.738
521290 272.736
522344 272.741
523381 272.735
524400 272.739
525402 272.738
526387 272.736
527355 272.74
528307 272.735
529242 272.739
530162 272.738
531066 272.736
531955 272.741
532829 272.734
533688 272.741
534532 272.737
535363 272.738
536179 272.738
536981 272.738
537770 272.737
538545 272.74
539307 272.735
540057 272.739
540793 272.738
541517 272.737
542229 272.74
542929 272.736
543617 272.74
544293 272.738
544958 272.737
545612 272.74
546254 272.736
546886 272.739
547507 272.739
548117 272.737
548717 272.74
549307 272.736
549887 272.74
550457 272.738
551018 272.738
551568 272.738
552110 272.738
552643 272.737
553166 272.739
553681 272.736
554186 272.739
554684 272.738
555173 272.737
555653 272.739
556126 272.736
556590 272.738
557047 272.738
557495 272.737
557937 272.739
558370 272.736
558797 272.739
559216 272.738
559628 272.738
560033 272.738
560431 272.738
560823 272.737
561208 272.738
561586 272.737
561958 272.738
562324 272.738
562683 272.737
563036 272.738
563384 272.737
563725 272.738
564061 272.738
564391 272.737
564715 272.738
565034 272.737
565348 272.738
565656 272.738
565959 272.737
566257 272.738
566550 272.737
566838 272.738
567121 272.738
567399 272.738
567672 272.738
567941 272.738
568205 272.737
568465 272.738
568721 272.737
568972 272.738
569219 272.738
569461 272.737
569700 272.738
569934 272.737
570165 272.738
570392 272.738
570614 272.737
570833 272.738
571049 272.737
571260 272.738
571468 272.738
571673 272.737
571874 272.738
572074 272.737
572274 272.738
572474 272.738
572674 272.738
572874 272.738
573074 272.738
573274 272.737
573474 272.738
573674 272.737
573874 272.738
574074 272.738
574274 272.738
574473 272.738
574673 272.737
574873 272.738
575073 272.738
575273 272.738
575473 272.738
575673 272.737
575873 272.738
576073 272.738
576273 272.737
576473 272.738
576673 272.737
576873 272.738
577073 272.738
577273 272.737
577473 272.738
577673 272.737
577873 272.737
578073 272.738
578273 272.737
578473 272.738
578673 272.738
578872 272.737
579072 272.738
579272 272.737
579472 272.738
579672 272.737
579872 272.737
580072 272.738
580272 272.737
580472 272.738
580672 272.737
580872 272.737
581072 272.738
581272 272.737
581472 272.738
581672 272.737
581872 272.737
582072 272.737
582272 272.737
582472 272.737
582672 272.737
582872 272.737
583072 272.737
583272 272.737
583471 272.737
583671 272.737
583871 272.737
584071 272.737
584271 272.737
584471 272.737
584671 272.737
584871 272.737
585071 272.737
585271 272.737
585471 272.737
585671 272.737
585871 272.736
586071 272.737
586271 272.737
586471 272.737
586671 272.737
586871 272.737
587071 272.736
587271 272.737
587471 272.736
587671 272.737
587871 272.737
588070 272.736
588270 272.737
588470 272.736
588670 272.737
588870 272.736
589070 272.736
589270 272.736
589470 272.736
589670 272.736
589870 272.736
590070 272.736
590270 272.736
590470 272.735
590670 272.736
590870 272.735
591070 272.735
591270 272.735
591470 272.735
591670 272.735
591870 272.735
592070 272.734
592270 272.735
592470 272.734
592669 272.734
592869 272.734
593069 272.733
593269 272.734
593469 272.734
593669 272.733
593869 272.734
594069 272.733
594269 272.733
594469 272.733
594669 272.733
594869 272.733
595069 272.732
595269 272.732
595469 272.732
595669 272.732
595869 272.732
596069 272.731
596269 272.731
596469 272.731
596669 272.731
596869 272.731
597068 272.731
597268 272.73
597468 272.73
597668 272.73
597868 272.73
598068 272.73
598268 272.729
598468 272.73
598668 272.729
598868 272.729
599068 272.729
599268 272.728
599468 272.728
599668 272.728
599868 272.727
600068 272.728
600268 272.727
600468 272.727
600668 272.727
600868 272.726
601068 272.726
601268 272.726
601468 272.726
601667 272.726
601867 272.725
602067 272.725
602267 272.724
602467 272.725
602667 272.724
602867 272.724
603067 272.724
603267 272.723
603467 272.723
603667 272.723
603867 272.723
604067 272.722
604267 272.722
604467 272.722
604667 272.722
604867 272.721
605067 272.721
605267 272.721
605467 272.72
605667 272.721
605867 272.72
606067 272.72
606266 272.72
606466 272.719
606666 272.719
606866 272.718
607066 272.719
607266 272.718
607466 272.718
607666 272.718
607866 272.717
608066 272.717
608266 272.717
608466 272.716
608666 272.716
608866 272.716
609066 272.715
609266 272.716
609466 272.715
609666 272.715
609866 272.715
610066 272.714
610266 272.714
610466 272.713
610665 272.714
610865 272.713
611065 272.713
611265 272.713
611465 272.712
611665 272.712
611865 272.712
612065 272.711
612265 272.711
612465 272.71
612665 272.711
612865 272.71
613065 272.71
613265 272.71
613465 272.709
613665 272.709
613865 272.709
614065 272.708
614265 272.709
614465 272.708
614665 272.708
614865 272.708
615065 272.707
615264 272.707
615464 272.707
615664 272.706
615864 272.706
616064 272.705
616264 272.706
616464 272.705
616664 272.705
616864 272.705
617064 272.704
617264 272.704
617464 272.703
617664 272.703
617864 272.703
618064 272.702
618264 272.702
618464 272.702
618664 272.701
618864 272.702
619064 272.701
619264 272.701
619464 272.701
619664 272.7
619863 272.7
620063 272.7
620263 272.699
620463 272.699
620663 272.698
620863 272.698
621063 272.698
621263 272.697
621463 272.698
621663 272.696
621863 272.697
622063 272.696
622263 272.696
622463 272.696
622663 272.695
622863 272.695
623063 272.695
623263 272.694
623463 272.694
623663 272.694
623863 272.693
624063 272.693
624263 272.692
624462 272.693
624662 272.692
624862 272.692
625062 272.692
625262 272.691
625462 272.691
625662 272.69
625862 272.69
626062 272.69
626262 272.689
626462 272.689
626662 272.689
626862 272.688
627062 272.688
627262 272.687
627462 272.687
627662 272.687
627862 272.686
628062 272.686
628262 272.686
628462 272.685
628662 272.685
628861 272.684
629061 272.685
629261 272.684
629461 272.684
629661 272.684
629861 272.683
630061 272.683
630261 272.682
630461 272.682
630661 272.682
630861 272.681
631061 272.681
631261 272.68
631461 272.68
631661 272.68
631861 272.679
632061 272.679
632261 272.679
632461 272.678
632661 272.678
632861 272.677
633061 272.677
633261 272.677
633460 272.676
633660 272.676
633860 272.676
634060 272.675
634260 272.675
634460 272.674
634660 272.674
634860 272.674
635060 272.673
635260 272.673
635460 272.672
635660 272.672
635860 272.672
636060 272.671
636260 272.671
636460 272.67
636660 272.67
636860 272.67
637060 272.669
637260 272.669
637460 272.668
637660 272.668
637860 272.668
638059 272.667
638259 272.667
638459 272.666
638659 272.666
638859 272.666
639059 272.665
639259 272.665
639459 272.664
639659 272.664
639859 272.663
640059 272.663
640259 272.662
640459 272.662
640659 272.661
640859 272.662
641059 272.661
641259 272.66
641459 272.66
641659 272.659
641859 272.659
642059 272.659
642259 272.658
642458 272.658
642658 272.657
642858 272.657
643058 272.657
643258 272.656
643458 272.656
643658 272.655
643858 272.655
644058 272.654
644258 272.654
644458 272.653
644658 272.653
644858 272.652
645058 272.652
645258 272.651
645458 272.651
645658 272.651
645858 272.65
646058 272.65
646258 272.649
646458 272.649
646658 272.648
646858 272.648
647057 272.648
647257 272.647
647457 272.647
647657 272.646
647857 272.645
648057 272.645
648257 272.644
648457 272.644
648657 272.644
648857 272.643
649057 272.643
649257 272.642
649457 272.641
649657 272.641
649857 272.64
650057 272.64
650257 272.64
650457 272.639
650657 272.639
650857 272.638
651057 272.638
651257 272.637
651457 272.637
651656 272.636
651856 272.635
652056 272.635
652256 272.635
652456 272.634
652656 272.634
652856 272.633
653056 272.633
653256 272.632
653456 272.632
653656 272.631
653856 272.63
654056 272.63
654256 272.63
654456 272.629
654656 272.629
654856 272.628
655056 272.627
655256 272.627
655456 272.626
655656 272.626
655856 272.625
656055 272.625
656255 272.624
656455 272.623
656655 272.623
656855 272.623
657055 272.622
657255 272.622
657455 272.621
657655 272.621
657855 272.62
658055 272.619
658255 272.619
658455 272.618
658655 272.617
658855 272.617
659055 272.616
659255 272.616
659455 272.615
659655 272.615
659855 272.614
660055 272.613
660255 272.613
660455 272.613
660654 272.612
660854 272.612
661054 272.611
661254 272.61
661454 272.61
661654 272.609
661854 272.609
662054 272.608
662254 272.608
662454 272.607
662654 272.606
662854 272.606
663054 272.605
663254 272.604
663454 272.604
663654 272.603
663854 272.603
664054 272.602
664254 272.601
664454 272.601
664654 272.6
664854 272.6
665054 272.599
665253 272.598
665453 272.598
665653 272.597
665853 272.597
666053 272.596
666253 272.596
666453 272.595
666653 272.594
666853 272.594
667053 272.593
667253 272.592
667453 272.592
667653 272.591
667853 272.591
668053 272.59
668253 272.589
668453 272.589
668653 272.588
668853 272.588
669053 272.587
669253 272.586
669453 272.586
669653 272.585
669852 272.585
670052 272.584
670252 272.583
670452 272.583
670652 272.582
670852 272.582
671052 272.581
671252 272.581
671452 272.58
671652 272.579
671852 272.579
672052 272.578
672252 272.578
672452 272.577
672652 272.576
672852 272.576
673052 272.575
673252 272.575
673452 272.574
673652 272.574
673852 272.573
674052 272.573
674251 272.572
674451 272.571
674651 272.571
674851 272.57
675051 272.57
675251 272.569
675451 272.569
675651 272.568
675851 272.568
676051 272.567
676251 272.567
676451 272.566
676651 272.566
676851 272.565
677051 272.565
677251 272.564
677451 272.564
677651 272.563
677851 272.563
678051 272.562
678251 272.562
678451 272.562
678651 272.561
678850 272.561
679050 272.56
679250 272.56
679450 272.56
679650 272.559
679850 272.559
680050 272.558
680250 272.558
680450 272.558
680650 272.558
680850 272.557
681050 272.557
681250 272.557
681450 272.556
681650 272.556
681850 272.556
682050 272.556
682250 272.556
682450 272.555
682650 272.555
682850 272.555
683050 272.555
683250 272.555
683449 272.555
683649 272.555
683849 272.555
684049 272.555
684249 272.555
684449 272.555
684649 272.555
684849 272.555
685049 272.555
685249 272.555
685449 272.555
685649 272.556
685849 272.556
686049 272.556
686249 272.556
686448 272.556
686648 272.557
686847 272.557
687047 272.557
687246 272.558
687446 272.558
687645 272.559
687845 272.559
688044 272.56
688244 272.561
688443 272.562
688643 272.563
688842 272.564
689042 272.566
689241 272.568
689441 272.57
689640 272.573
689840 272.575
690039 272.578
690239 272.582
690438 272.583
690638 272.588
690837 272.589
691037 272.593
691236 272.597
691436 272.597
691635 272.607
691835 272.603
692034 272.614
692234 272.614
692433 272.619
692633 272.64
692832 272.612
693032 272.719
693231 272.548
693431 273.15
693630 273.15
693830 273.15
694029 273.15
694228 273.15
694428 273.15
694627 273.15
694827 273.15
695026 273.15
695226 273.15
695425 273.15
695625 273.15
695824 273.15
696024 273.15
696223 273.15
696423 273.15
696622 273.15
696822 273.15
697021 273.15
697221 273.15
697420 273.15
697620 273.15
697819 273.15
698019 273.15
698218 273.15
698418 273.15
698617 273.15
698817 273.15
699016 273.15
699216 273.15
699415 273.15
699615 273.15
699814 273.15
700014 273.15
700213 273.15
700413 273.15
700612 273.15
700812 273.15
701011 273.15
701211 273.15
701410 273.15
701610 273.15
701809 273.15
702009 273.15
702208 273.15
702408 273.15
702607 273.15
702807 273.15
703006 273.15
703206 273.15
703405 273.15
703605 273.15
703804 273.15
704004 273.15
704203 273.15
704403 273.15
704602 273.15
704802 273.15
705001 273.15
705200 273.15
705400 273.15
705599 273.15
705799 273.15
705998 273.15
706198 273.15
706397 273.15
706597 273.15
706796 273.15
706996 273.15
707195 273.15
707395 273.15
707594 273.15
707794 273.15
707993 273.15
708193 273.15
708392 273.15
708592 273.15
708791 273.15
708991 273.15
709190 273.15
709390 273.15
709589 273.15
709789 273.15
709988 273.15
710188 273.15
710387 273.15
710587 273.15
710786 273.15
710986 273.15
711185 273.15
711385 273.15
711584 273.15
711784 273.15
711983 273.15
712183 273.15
712382 273.15
712582 273.15
712781 273.15
712981 273.15
713180 273.15
713380 273.15
713579 273.15
713779 273.15
713978 273.15
714178 273.15
714377 273.15
714577 273.15
714776 273.15
714976 273.15
715175 273.15
715375 273.15
715574 273.15
715774 273.15
715973 273.15
716172 273.15
716372 273.15
716571 273.15
716771 273.15
716970 273.15
717170 273.15
717369 273.15
717569 273.15
717768 273.15
717968 273.15
718167 273.15
718367 273.15
718566 273.15
718766 273.15
718965 273.15
719165 273.15
719364 273.15
719564 273.15
719763 273.15
719963 273.15
720162 273.15
720362 273.15
720561 273.15
720761 273.15
720960 273.15
721160 273.15
721359 273.15
721559 273.15
721758 273.15
721958 273.15
722157 273.15
722357 273.15
722556 273.15
722756 273.15
722955 273.15
723155 273.15
723354 273.15
723554 273.15
723753 273.15
723953 273.15
724152 273.15
724352 273.15
724551 273.15
724751 273.15
724950 273.15
725150 273.15
725349 273.15
725549 273.15
725748 273.15
725948 273.15
726147 273.15
726347 273.15
726546 273.15
726746 273.15
726945 273.15
727144 273.15
727344 273.15
727543 273.15
727743 273.15
727942 273.15
728142 273.15
728341 273.15
728541 273.15
728740 273.15
728940 273.15
729139 273.15
729349 273.15
729584 273.15
729847 273.15
730141 273.15
730469 273.15
730836 273.15
731247 273.15
731706 273.15
732220 273.15
732794 273.15
733436 273.15
734154 273.15
734957 273.15
735855 273.15
736859 273.15
737982 273.15
739238 273.15
740642 273.15
742212 273.15
743968 273.15
745932 273.15
748128 273.15
750583 273.15
753329 273.15
756400 273.15
759834 273.15
763674 273.15
767968 273.15
772769 273.15
778139 273.15
784143 273.15
790858 273.15
798367 273.15
806764 273.15
816153 273.15
